
var puzzle = {
	width: 33,	
	height:32,
	hw:18,hh:13,
	palette: [
	  { s:0 , c:-1 }
	  ,{s:0,c:0,co:'0'},{s:0,c:2,co:'18'},{s:0,c:4,co:'36'},{s:0,c:1,co:'9'},{s:0,c:3,co:'27'},{s:0,c:6,co:'54'},{s:0,c:7,co:'63'},{s:0,c:5,co:'45'}
	],
	colors:[  
	"000000","005e0f","d08ba0","338f2c","a2586e","772e42","fbfa95","ffe374",          
	],
	originalColors:[  
	"000000","005e0f","d08ba0","338f2c","a2586e","772e42","fbfa95","ffe374",          
	],	
	usedColors:[  
	0,2,4,1,3,6,7,5          
	],
	topHeader: [
	[[4,1]],[[4,1],[5,2],[5,1]],[[5,1],[4,1],[5,1],[4,1],[5,2],[4,1]],[[5,1],[4,1],[5,2],[4,1],[5,1],[4,1],[5,1],[4,1]],[[5,2],[4,1],[5,1],[4,1],[5,2],[4,1],[5,1],[4,1],[3,6]],[[5,3],[4,2],[5,2],[4,1],[5,1],[4,1],[3,3],[2,1],[3,1],[2,1],[3,2]],[[5,1],[5,1],[4,4],[5,1],[4,1],[3,3],[2,1],[3,1],[2,3],[3,2]],[[4,1],[5,1],[4,7],[3,2],[2,1],[8,1],[2,2],[8,1],[2,1],[3,2]],[[4,3],[7,3],[6,1],[7,1],[3,2],[2,1],[8,1],[2,1],[8,1],[2,2],[3,2]],[[3,3],[7,1],[6,1],[7,1],[6,1],[7,2],[3,1],[2,1],[8,4],[2,1],[8,1],[2,1],[3,3]],[[3,2],[6,3],[7,1],[6,1],[8,1],[7,1],[8,1],[3,1],[2,1],[8,5],[2,4],[3,3]],[[3,2],[6,1],[7,1],[6,2],[8,5],[3,2],[8,7],[2,1],[3,1],[2,1],[3,3]],[[3,1],[2,1],[3,1],[6,2],[7,3],[8,3],[8,1],[3,1],[8,1],[8,2],[8,2],[2,2],[3,4]],[[2,1],[3,2],[6,3],[8,3],[8,2],[3,1],[8,1],[8,1],[8,5],[2,3],[3,1]],[[2,2],[3,2],[6,1],[7,1],[6,1],[7,1],[8,3],[8,1],[8,3],[2,5],[3,1]],[[2,3],[3,1],[6,2],[7,1],[8,3],[7,2],[8,3],[2,2],[8,1],[2,2],[3,1]],[[2,3],[3,2],[6,2],[7,2],[8,3],[7,3],[8,3],[2,1],[3,3]],[[2,5],[3,2],[6,2],[7,4],[7,3],[8,5],[2,2],[3,3]],[[2,5],[3,3],[8,6],[3,7],[4,4]],[[2,7],[3,3],[8,3],[7,1],[8,3],[7,2],[4,2],[5,3],[4,1]],[[2,5],[3,3],[8,3],[3,1],[8,1],[7,1],[8,1],[8,1],[7,2],[6,1],[4,1],[5,1],[4,3]],[[2,4],[3,2],[8,2],[2,1],[3,2],[8,2],[7,1],[8,1],[8,5],[6,1],[7,1],[4,3],[5,1]],[[2,8],[3,2],[8,1],[2,1],[7,1],[8,2],[8,2],[7,1],[6,3],[4,2],[5,4]],[[2,7],[3,2],[2,1],[8,1],[2,1],[7,1],[8,6],[7,1],[6,1],[4,3],[5,5]],[[2,5],[3,2],[2,2],[8,1],[2,2],[6,1],[7,1],[8,1],[7,2],[8,1],[6,3],[4,4],[5,3]],[[2,11],[6,1],[7,1],[6,2],[7,1],[6,1],[7,1],[6,1],[4,3],[5,2],[4,1],[5,3]],[[2,7],[8,1],[6,3],[7,1],[6,3],[4,1],[5,1],[5,2],[4,2],[5,1]],[[2,5],[8,3],[6,5],[2,1],[4,1],[5,1],[5,3],[4,2]],[[2,3],[8,2],[3,2],[8,3],[3,1],[2,2]],[[8,1],[3,4],[2,1],[8,1],[2,1],[3,1],[2,2]],[[3,4],[2,1],[8,1],[2,4]],[[2,7]],[[2,5]]            
	],
	leftHeader: [
       	[[2,5]],[[3,1],[2,9]],[[3,1],[2,1],[3,2],[2,10]],[[3,7],[2,9]],[[4,2],[5,5],[4,1],[3,2],[6,5],[3,1],[2,9]],[[5,1],[4,2],[5,2],[5,1],[4,1],[3,1],[6,1],[7,1],[6,2],[7,1],[6,2],[3,2],[2,2],[3,1],[2,4]],[[5,3],[4,1],[5,2],[4,2],[3,1],[6,2],[7,1],[6,2],[7,1],[6,1],[3,2],[2,1],[3,2],[2,4]],[[4,1],[5,2],[4,4],[7,1],[6,2],[7,1],[8,1],[7,1],[8,1],[7,1],[6,1],[3,1],[2,1],[3,1],[8,1],[2,2],[3,1],[2,2]],[[5,2],[4,5],[7,1],[6,1],[7,1],[8,1],[7,1],[8,3],[7,1],[6,1],[8,1],[3,2],[8,1],[2,2],[3,1],[2,3]],[[5,4],[4,2],[7,2],[6,1],[8,6],[7,1],[8,1],[3,1],[8,1],[2,2],[3,1],[2,5]],[[5,2],[4,2],[7,1],[6,1],[8,3],[8,1],[8,1],[7,1],[8,1],[3,1],[8,1],[3,3],[2,5],[8,1],[3,1]],[[4,3],[5,1],[4,1],[6,1],[7,2],[8,3],[8,1],[7,1],[8,3],[3,2],[2,1],[8,1],[2,4],[3,2],[2,1]],[[4,1],[5,3],[4,2],[7,2],[8,2],[8,1],[7,1],[8,2],[3,1],[8,3],[2,4],[8,1],[3,2],[2,2]],[[4,3],[3,6],[8,1],[8,4],[2,5],[8,2],[3,2],[2,2]],[[3,4],[2,2],[3,3],[7,3],[7,5],[6,2],[8,2],[3,2],[2,3]],[[3,3],[2,2],[8,6],[7,3],[8,3],[7,2],[6,1],[8,1],[3,1],[2,1],[8,1],[2,2]],[[3,2],[2,1],[8,5],[7,2],[8,3],[6,3],[8,2],[2,3]],[[3,1],[2,1],[3,1],[2,2],[8,5],[8,1],[8,1],[8,1],[7,1],[6,3],[8,1],[2,3]],[[3,2],[2,2],[8,5],[8,1],[3,1],[8,4],[7,3],[6,1],[8,1],[3,1],[2,1]],[[3,1],[2,2],[8,1],[2,2],[8,2],[8,3],[8,1],[3,1],[8,1],[8,4],[6,3],[3,1],[2,2]],[[3,2],[2,3],[8,1],[2,1],[8,5],[8,1],[3,1],[8,3],[7,1],[8,1],[6,1],[7,1],[6,2],[2,2]],[[3,4],[2,2],[8,7],[3,1],[8,1],[7,1],[8,1],[6,1],[7,1],[6,3],[2,2]],[[3,4],[2,3],[8,1],[2,2],[8,1],[2,1],[3,1],[7,2],[6,4],[4,1]],[[3,1],[2,1],[3,1],[2,1],[8,1],[2,2],[8,1],[2,1],[3,1],[7,1],[6,1],[7,1],[6,1],[4,4]],[[3,2],[2,1],[3,1],[2,2],[8,1],[2,1],[3,2],[4,7],[5,1],[4,1]],[[3,3],[2,3],[3,2],[4,2],[5,1],[4,4],[5,1],[5,1]],[[3,3],[2,3],[3,2],[4,1],[5,1],[4,2],[5,2],[4,1],[5,2]],[[3,6],[4,1],[5,1],[4,1],[5,4],[4,1],[5,2]],[[4,1],[5,1],[4,1],[5,4],[4,1],[5,1]],[[4,1],[5,4],[4,1],[5,1]],[[5,1],[5,2],[4,1]],[[4,1]]            
     ]
} 
