
var puzzle = {
	width: 29,	
	height:23,
	hw:17,hh:11,
	palette: [
	  { s:0 , c:-1 }
	  ,{s:0,c:0,co:'0'},{s:0,c:1,co:'9'},{s:0,c:2,co:'18'},{s:0,c:5,co:'45'},{s:0,c:3,co:'27'}
	],
	colors:[  
	"ffffff","000000","79b4c5","f5dd06","e5e5e5","8f9493","00ffff","ff00ff",          
	],
	originalColors:[  
	"ffffff","000000","79b4c5","f5dd06","e5e5e5","8f9493","00ffff","ff00ff",          
	],	
	usedColors:[  
	0,1,2,5,3          
	],
	topHeader: [
	[[2,3]],[[2,5],[4,2],[2,1]],[[2,3],[2,1],[3,4],[2,1],[4,2],[2,3]],[[2,1],[4,1],[2,1],[2,1],[3,1],[2,3],[3,2],[2,1],[4,2],[2,3]],[[2,1],[2,1],[3,1],[2,1],[5,3],[2,1],[3,1],[2,1],[4,2],[2,3]],[[2,4],[3,1],[2,1],[3,2],[2,1],[5,3],[2,1],[3,1],[2,1],[4,2],[2,3]],[[2,1],[3,5],[2,1],[3,2],[2,1],[5,3],[2,1],[3,1],[2,1],[4,2],[2,2]],[[2,1],[3,2],[2,4],[3,1],[2,1],[3,2],[2,3],[3,2],[2,4]],[[2,1],[3,2],[2,1],[2,1],[3,2],[2,1],[3,5],[2,1],[4,3],[2,1]],[[2,1],[3,1],[2,1],[2,1],[3,3],[2,2],[3,4],[2,4]],[[2,1],[3,1],[2,1],[2,1],[3,6],[2,2],[3,2],[2,1],[4,2],[2,1]],[[2,1],[3,1],[2,1],[2,2],[3,8],[2,1],[3,1],[2,1],[4,2],[2,1]],[[2,1],[3,1],[2,1],[2,1],[2,1],[3,8],[2,1],[3,1],[2,1],[4,2],[2,1]],[[2,1],[3,1],[2,1],[2,1],[3,6],[2,3],[3,1],[2,1],[4,2],[2,1]],[[2,1],[3,1],[2,2],[2,7],[3,2],[2,1],[3,1],[2,1],[4,2],[2,1]],[[2,1],[3,1],[2,1],[2,1],[3,8],[2,1],[3,1],[2,1],[4,2],[2,1]],[[2,1],[3,1],[2,1],[2,2],[3,7],[2,1],[3,2],[2,1],[4,2],[2,1]],[[2,1],[3,1],[2,1],[2,1],[2,1],[3,7],[2,1],[3,2],[2,1],[4,2],[2,1]],[[2,1],[3,1],[2,1],[2,1],[3,6],[2,1],[3,3],[2,1],[4,2],[2,1]],[[2,1],[3,1],[2,1],[2,1],[3,5],[2,1],[3,3],[2,4]],[[2,1],[3,2],[2,1],[2,1],[3,3],[2,2],[3,3],[2,1],[4,3],[2,1]],[[2,1],[3,2],[2,4],[3,2],[2,1],[3,1],[2,3],[3,2],[2,4]],[[2,1],[3,5],[2,2],[3,1],[2,1],[5,3],[2,1],[3,1],[2,1],[4,2],[2,2]],[[2,6],[3,2],[2,1],[5,3],[2,1],[3,1],[2,1],[4,2],[2,3]],[[2,1],[2,1],[3,1],[2,1],[5,3],[2,1],[3,1],[2,1],[4,2],[2,3]],[[2,1],[4,1],[2,1],[2,1],[3,1],[2,3],[3,2],[2,1],[4,2],[2,3]],[[2,3],[2,1],[3,4],[2,1],[4,2],[2,3]],[[2,5],[4,2],[2,1]],[[2,3]]            
	],
	leftHeader: [
       	[[2,13]],[[2,1],[3,13],[2,1]],[[2,1],[3,2],[2,11],[3,2],[2,1]],[[2,1],[3,2],[2,1],[2,1],[2,1],[3,2],[2,1]],[[2,1],[3,1],[2,1],[2,1],[2,1],[2,1],[3,1],[2,1]],[[2,1],[3,1],[2,1],[2,1],[2,1],[2,1],[3,1],[2,1]],[[2,2],[2,1],[3,1],[2,1],[2,9],[2,1],[3,1],[2,1],[2,2]],[[2,1],[4,1],[2,1],[3,2],[2,3],[3,4],[2,1],[3,4],[2,3],[3,1],[2,2],[4,1],[2,1]],[[2,2],[2,2],[3,7],[2,1],[3,7],[2,2],[2,2]],[[2,1],[3,2],[2,1],[3,6],[2,1],[3,7],[2,1],[3,1],[2,1]],[[2,1],[3,4],[2,1],[3,5],[2,1],[3,6],[2,1],[3,3],[2,1]],[[2,1],[3,1],[2,3],[3,2],[2,1],[3,4],[2,1],[3,5],[2,1],[3,1],[2,3],[3,1],[2,1]],[[2,1],[3,1],[2,1],[5,3],[2,1],[3,1],[2,1],[3,4],[2,1],[3,5],[2,2],[5,3],[2,1],[3,1],[2,1]],[[2,1],[3,1],[2,1],[5,3],[2,1],[3,2],[2,1],[3,2],[2,1],[3,4],[2,2],[3,1],[2,1],[5,3],[2,1],[3,1],[2,1]],[[2,1],[3,1],[2,1],[5,3],[2,1],[3,2],[2,1],[3,2],[2,1],[3,2],[2,2],[3,3],[2,1],[5,3],[2,1],[3,1],[2,1]],[[2,1],[3,2],[2,3],[3,4],[2,5],[3,6],[2,3],[3,2],[2,1]],[[2,3],[3,5],[2,1],[3,11],[2,1],[3,5],[2,3]],[[2,1],[4,2],[2,5],[4,1],[2,11],[4,1],[2,5],[4,2],[2,1]],[[2,1],[4,6],[2,1],[4,1],[2,1],[4,9],[2,1],[4,1],[2,1],[4,6],[2,1]],[[2,2],[4,4],[2,1],[4,1],[2,1],[4,9],[2,1],[4,1],[2,1],[4,4],[2,2]],[[2,25]],[[2,5],[2,5]],[[2,3],[2,3]]            
     ]
} 

