
var puzzle = {
	width: 23,	
	height:34,
	hw:11,hh:15,
	palette: [
	  { s:0 , c:-1 }
	  ,{s:0,c:0,co:'0'},{s:0,c:6,co:'54'},{s:0,c:5,co:'45'},{s:0,c:3,co:'27'},{s:0,c:1,co:'9'},{s:0,c:2,co:'18'},{s:0,c:4,co:'36'}
	],
	colors:[  
	"ffffff","0d1f3a","f2a202","215b84","557c38","3383af","5a9fc4","ff00ff",          
	],
	originalColors:[  
	"ffffff","0d1f3a","f2a202","215b84","557c38","3383af","5a9fc4","ff00ff",          
	],	
	usedColors:[  
	0,6,5,3,1,2,4          
	],
	topHeader: [
	[[7,2]],[[7,4]],[[7,5]],[[7,5]],[[7,6]],[[2,5],[7,5]],[[2,1],[3,5],[2,1],[2,4],[7,5]],[[2,1],[3,6],[2,3],[3,3],[2,1],[7,12]],[[2,1],[3,3],[4,1],[3,2],[2,2],[3,6],[7,4],[7,3]],[[2,1],[3,2],[4,3],[3,1],[2,1],[4,1],[3,6],[7,2],[7,3]],[[2,1],[3,2],[4,3],[2,1],[4,5],[3,2],[7,1],[7,2]],[[2,6],[5,1],[4,1],[5,1],[4,2],[2,4],[7,1],[7,2]],[[2,2],[3,3],[2,1],[5,3],[4,1],[2,1],[4,2],[3,2],[2,1],[7,1],[7,4],[4,1],[3,1]],[[2,1],[3,4],[2,3],[5,1],[6,2],[4,1],[5,2],[4,1],[3,3],[7,5],[4,2],[3,2],[2,1]],[[2,1],[3,4],[2,1],[4,2],[2,1],[6,2],[5,5],[4,2],[3,1],[7,5],[3,1],[4,2],[2,1]],[[2,1],[3,3],[4,2],[2,1],[4,1],[5,2],[6,3],[5,4],[4,2],[3,1],[7,3],[4,1],[3,3],[2,2]],[[2,1],[3,3],[4,1],[2,1],[3,1],[5,2],[6,1],[5,1],[6,1],[5,5],[4,1],[3,2],[7,1],[3,3],[2,2]],[[2,1],[3,4],[2,1],[3,1],[5,2],[2,2],[5,5],[4,2],[3,2],[7,1]],[[2,1],[3,3],[2,1],[3,1],[4,2],[2,1],[3,2],[5,3],[4,2],[3,2]],[[2,4],[3,2],[4,1],[2,1],[3,2],[4,1],[5,2],[4,2],[3,2]],[[2,2],[3,2],[2,1],[3,3],[4,3],[3,2]],[[2,2],[3,2],[2,1],[3,6]],[[3,3]]            
	],
	leftHeader: [
       	[[2,3]],[[2,1],[3,3],[2,1]],[[2,3],[2,1],[3,5],[2,1]],[[2,1],[3,3],[2,2],[3,6],[2,1]],[[2,1],[3,4],[2,2],[3,2],[4,2],[3,2],[2,1]],[[2,1],[3,3],[4,2],[2,1],[3,3],[4,1],[2,5]],[[2,1],[3,2],[4,3],[2,1],[3,2],[2,2],[3,4],[2,2]],[[2,1],[3,3],[4,2],[2,1],[3,1],[2,1],[4,2],[5,2],[4,1],[3,2],[2,1]],[[2,1],[3,4],[2,4],[4,1],[5,3],[4,2],[3,2]],[[2,1],[3,2],[2,2],[4,1],[5,2],[2,2],[5,1],[6,1],[2,4],[3,1]],[[2,3],[4,3],[5,2],[6,2],[5,1],[2,1],[3,3],[2,1]],[[2,1],[3,2],[4,1],[5,2],[6,4],[5,1],[3,4]],[[2,2],[3,2],[4,3],[6,1],[5,1],[6,1],[5,3],[4,1],[3,3]],[[2,1],[3,3],[4,2],[2,1],[4,1],[5,6],[4,1],[3,2]],[[2,1],[3,4],[2,1],[4,1],[5,7],[4,1],[3,2]],[[2,1],[3,4],[2,1],[4,1],[5,5],[4,3],[3,1]],[[2,1],[3,2],[7,1],[2,1],[3,1],[4,1],[5,3],[4,3],[3,2]],[[7,2],[7,1],[2,1],[3,2],[4,4],[3,3]],[[7,4],[7,1],[2,1],[3,1],[4,2],[3,4]],[[7,5],[7,1],[3,5]],[[7,4],[7,1]],[[7,3],[7,1]],[[7,3],[7,2],[7,3]],[[7,2],[7,1],[7,1],[7,2]],[[7,2],[7,1],[7,2],[7,3]],[[7,3],[7,1],[7,6]],[[7,5],[7,4]],[[7,3],[7,1],[4,1],[7,1],[4,1],[3,1]],[[7,3],[7,2],[4,1],[3,3]],[[7,2],[7,1],[4,1],[3,1],[4,1],[3,2]],[[7,1],[3,2],[4,1],[3,1],[2,1]],[[7,1],[2,4]],[[7,1],[2,1]],[[7,1]]            
     ]
} 

