
var puzzle = {
	width: 19,	
	height:29,
	hw:9,hh:10,
	palette: [
	  { s:0 , c:-1 }
	  ,{s:0,c:0,co:'0'},{s:0,c:5,co:'45'},{s:0,c:6,co:'54'},{s:0,c:2,co:'18'},{s:0,c:3,co:'27'},{s:0,c:1,co:'9'},{s:0,c:4,co:'36'}
	],
	colors:[  
	"ffffff","000000","ffcc00","ff9900","33ff00","cc66ff","9900cc","ff00ff",          
	],
	originalColors:[  
	"ffffff","000000","ffcc00","ff9900","33ff00","cc66ff","9900cc","ff00ff",          
	],	
	usedColors:[  
	0,5,6,2,3,1,4          
	],
	topHeader: [
	[[7,1]],[[7,3]],[[2,3],[7,5]],[[2,4],[4,4],[7,4],[7,6]],[[2,2],[3,1],[2,1],[4,6],[7,2],[7,2],[7,6]],[[2,3],[3,2],[4,3],[5,2],[4,2],[5,3],[7,2],[7,6]],[[2,2],[3,2],[4,3],[5,2],[6,1],[5,1],[4,1],[5,4],[7,2],[7,6]],[[2,2],[3,3],[4,3],[5,1],[6,2],[4,1],[5,6],[7,2],[7,6]],[[2,3],[3,3],[4,3],[6,3],[5,1],[6,1],[5,5],[7,2],[7,4]],[[2,2],[3,1],[2,1],[3,4],[4,2],[6,1],[6,3],[5,4],[7,3],[7,1]],[[2,4],[3,1],[2,1],[3,3],[7,2],[6,3],[5,2],[7,4]],[[2,7],[6,1],[6,3],[5,4],[7,6]],[[2,2],[3,1],[2,1],[3,3],[6,3],[5,1],[6,1],[5,5],[7,7]],[[2,4],[3,3],[4,1],[6,3],[4,1],[5,5],[7,6]],[[2,3],[3,3],[4,2],[5,1],[6,1],[5,1],[4,1],[5,4],[7,7]],[[2,3],[3,3],[4,2],[5,3],[4,2],[5,3],[7,7]],[[2,2],[3,1],[2,2],[3,1],[4,3],[5,2],[4,1],[7,7]],[[2,5],[4,6],[7,5]],[[2,3],[4,4],[7,1]]            
	],
	leftHeader: [
       	[[2,3]],[[2,6],[2,4]],[[2,3],[3,1],[2,1],[3,1],[2,1],[2,6]],[[2,3],[3,3],[2,7],[3,1],[2,2]],[[2,1],[3,6],[2,2],[3,1],[2,1],[3,2],[2,3]],[[2,3],[3,1],[4,2],[3,3],[2,2],[3,3],[2,3]],[[2,2],[4,5],[3,1],[2,2],[3,5],[2,1]],[[2,1],[4,6],[3,2],[2,1],[3,2],[4,4]],[[4,3],[5,2],[4,2],[3,1],[2,1],[3,1],[4,6]],[[4,2],[5,2],[6,2],[4,1],[3,1],[2,1],[6,2],[5,2],[4,3]],[[4,2],[5,1],[6,4],[6,4],[5,2],[4,2]],[[4,2],[5,1],[4,1],[6,1],[7,1],[6,2],[5,3],[4,2]],[[4,2],[5,2],[6,1],[7,1],[6,1],[5,1],[4,5]],[[7,1],[5,2],[6,5],[5,2],[4,1]],[[7,2],[5,4],[6,3],[5,4]],[[7,1],[5,5],[6,1],[5,5]],[[7,1],[5,11]],[[7,2],[5,7],[7,2]],[[7,2],[5,2],[5,2],[7,2]],[[7,2],[7,4]],[[7,3],[7,2],[7,6]],[[7,4],[7,2],[7,6]],[[7,6],[7,2],[7,6]],[[7,6],[7,1],[7,6]],[[7,6],[7,1],[7,6]],[[7,6],[7,6]],[[7,6],[7,3]],[[7,4],[7,2]],[[7,4]]            
     ]
} 
