var puzzle = {
	width: 70,	
	height:75,
	hw:13,hh:7,
	palette: [
	  { s:0 , c:-1 }
	  ,{s:0,c:0,co:'0'},{s:0,c:1,co:'9'}
	],
	colors:[  
	"fdfdfd","101010","2e952d","7bc745","ff0000","f86300","fcc001","ff00ff",          
	],
	originalColors:[  
	"fdfdfd","101010","2e952d","7bc745","ff0000","f86300","fcc001","ff00ff",          
	],	
	usedColors:[  
	0,1          
	],
	topHeader: [
	[[2,75]],[[2,1],[2,13]],[[2,1],[2,13]],[[2,1],[2,13]],[[2,1],[2,13]],[[2,1],[2,2],[2,13]],[[2,1],[2,3],[2,13],[2,13]],[[2,1],[2,5],[2,13],[2,13]],[[2,1],[2,13],[2,13],[2,13]],[[2,1],[2,3],[2,19],[2,13]],[[2,1],[2,3],[2,18],[2,13]],[[2,1],[2,3],[2,3],[2,5],[2,13]],[[2,1],[2,3],[2,6],[2,13]],[[2,1],[2,2],[2,6],[2,1]],[[2,1],[2,2],[2,22]],[[2,1],[2,1],[2,19]],[[2,1],[2,1],[2,19]],[[2,1],[2,12],[2,21]],[[2,1],[2,12],[2,10],[2,5]],[[2,1],[2,12],[2,9],[2,5]],[[2,1],[2,8],[2,12],[2,10],[2,5]],[[2,1],[2,9],[2,11],[2,19]],[[2,1],[2,10],[2,8],[2,19]],[[2,1],[2,9],[2,1],[2,4],[2,23]],[[2,1],[2,9],[2,1],[2,7],[2,1]],[[2,1],[2,12],[2,11],[2,15]],[[2,1],[2,4],[2,7],[2,11],[2,15]],[[2,1],[2,12],[2,7],[2,27]],[[2,1],[2,12],[2,7],[2,27]],[[2,1],[2,13],[2,1],[2,3],[2,27]],[[2,1],[2,3],[2,16],[2,1],[2,12],[2,2]],[[2,1],[2,5],[2,15],[2,1],[2,3],[2,10],[2,2]],[[2,1],[2,13],[2,7],[2,5],[2,1],[2,9],[2,2]],[[2,1],[2,14],[2,6],[2,4],[2,3],[2,11],[2,2]],[[2,6],[2,10],[2,2],[2,5],[2,10],[2,10],[2,2]],[[2,5],[2,10],[2,2],[2,5],[2,10],[2,10],[2,2]],[[2,4],[2,14],[2,6],[2,4],[2,3],[2,11],[2,2]],[[2,4],[2,13],[2,7],[2,5],[2,1],[2,9],[2,2]],[[2,5],[2,5],[2,15],[2,1],[2,3],[2,10],[2,2]],[[2,5],[2,3],[2,16],[2,1],[2,12],[2,2]],[[2,1],[2,3],[2,13],[2,1],[2,3],[2,27]],[[2,1],[2,3],[2,12],[2,7],[2,27]],[[2,1],[2,3],[2,12],[2,7],[2,27]],[[2,1],[2,1],[2,4],[2,7],[2,11],[2,15]],[[2,1],[2,12],[2,11],[2,15]],[[2,1],[2,9],[2,1],[2,7],[2,1]],[[2,1],[2,9],[2,1],[2,4],[2,23]],[[2,1],[2,10],[2,8],[2,19]],[[2,1],[2,9],[2,11],[2,19]],[[2,1],[2,8],[2,12],[2,10],[2,5]],[[2,1],[2,12],[2,9],[2,5]],[[2,1],[2,12],[2,10],[2,5]],[[2,1],[2,11],[2,21]],[[2,1],[2,19]],[[2,1],[2,19]],[[2,1],[2,22]],[[2,1],[2,6],[2,1]],[[2,1],[2,6],[2,13]],[[2,1],[2,3],[2,5],[2,13]],[[2,1],[2,18],[2,13]],[[2,1],[2,19],[2,13]],[[2,1],[2,13],[2,13],[2,13]],[[2,1],[2,3],[2,5],[2,13],[2,13]],[[2,1],[2,3],[2,3],[2,13],[2,13]],[[2,1],[2,3],[2,2],[2,13]],[[2,1],[2,3],[2,13]],[[2,1],[2,2],[2,13]],[[2,1],[2,2],[2,13]],[[2,1],[2,1],[2,13]],[[2,75]]            
	],
	leftHeader: [
       	[[2,70]],[[2,1],[2,6],[2,1]],[[2,1],[2,10],[2,1]],[[2,1],[2,9],[2,1]],[[2,1],[2,2],[2,5],[2,1]],[[2,1],[2,1],[2,1]],[[2,1],[2,1]],[[2,1],[2,2],[2,1]],[[2,1],[2,2],[2,1]],[[2,1],[2,4],[2,1]],[[2,1],[2,6],[2,1]],[[2,1],[2,6],[2,1]],[[2,1],[2,8],[2,1]],[[2,1],[2,8],[2,1]],[[2,1],[2,10],[2,1]],[[2,1],[2,10],[2,1]],[[2,1],[2,10],[2,1]],[[2,1],[2,2],[2,2],[2,1]],[[2,1],[2,2],[2,2],[2,1]],[[2,1],[2,2],[2,2],[2,1]],[[2,1],[2,2],[2,2],[2,1]],[[2,1],[2,6],[2,1]],[[2,1],[2,6],[2,1]],[[2,1],[2,1]],[[2,1],[2,3],[2,6],[2,3],[2,1]],[[2,1],[2,3],[2,6],[2,3],[2,1]],[[2,1],[2,16],[2,1]],[[2,1],[2,16],[2,1]],[[2,1],[2,16],[2,1]],[[2,1],[2,7],[2,7],[2,1]],[[2,1],[2,6],[2,6],[2,1]],[[2,1],[2,5],[2,5],[2,1]],[[2,1],[2,3],[2,5],[2,5],[2,3],[2,1]],[[2,1],[2,12],[2,12],[2,1]],[[2,1],[2,1],[2,2],[2,12],[2,12],[2,1],[2,2],[2,1]],[[2,1],[2,5],[2,12],[2,12],[2,5],[2,1]],[[2,1],[2,9],[2,7],[2,3],[2,3],[2,7],[2,9]],[[2,1],[2,2],[2,3],[2,6],[2,10],[2,6],[2,2],[2,3],[2,1]],[[2,1],[2,1],[2,6],[2,10],[2,6],[2,1],[2,1]],[[2,1],[2,1],[2,6],[2,10],[2,6],[2,1],[2,1]],[[2,1],[2,1],[2,28],[2,1],[2,1]],[[2,1],[2,1],[2,4],[2,7],[2,1],[2,1],[2,2],[2,1],[2,1],[2,7],[2,3],[2,1],[2,1]],[[2,1],[2,3],[2,5],[2,4],[2,2],[2,4],[2,5],[2,3],[2,1]],[[2,1],[2,4],[2,12],[2,3],[2,2],[2,3],[2,12],[2,4],[2,1]],[[2,1],[2,5],[2,6],[2,5],[2,4],[2,5],[2,6],[2,5],[2,1]],[[2,1],[2,6],[2,6],[2,4],[2,4],[2,4],[2,6],[2,6],[2,1]],[[2,1],[2,7],[2,6],[2,4],[2,4],[2,4],[2,6],[2,7],[2,1]],[[2,1],[2,1],[2,3],[2,7],[2,1],[2,1],[2,7],[2,3],[2,1],[2,1]],[[2,1],[2,5],[2,7],[2,5],[2,1],[2,4],[2,1],[2,5],[2,7],[2,5],[2,1]],[[2,1],[2,5],[2,7],[2,5],[2,1],[2,4],[2,1],[2,5],[2,7],[2,5],[2,1]],[[2,1],[2,5],[2,7],[2,5],[2,4],[2,5],[2,7],[2,5],[2,1]],[[2,1],[2,6],[2,5],[2,20],[2,5],[2,6],[2,1]],[[2,1],[2,6],[2,5],[2,24],[2,5],[2,6],[2,1]],[[2,1],[2,9],[2,24],[2,9],[2,1]],[[2,1],[2,9],[2,4],[2,24],[2,4],[2,9],[2,1]],[[2,1],[2,9],[2,4],[2,24],[2,4],[2,9],[2,1]],[[2,1],[2,5],[2,46],[2,5],[2,1]],[[2,1],[2,5],[2,46],[2,5],[2,1]],[[2,1],[2,5],[2,22],[2,22],[2,5],[2,1]],[[2,1],[2,5],[2,10],[2,6],[2,6],[2,10],[2,5],[2,1]],[[2,1],[2,5],[2,10],[2,7],[2,7],[2,10],[2,5],[2,1]],[[2,1],[2,10],[2,6],[2,6],[2,10],[2,1]],[[2,13],[2,10],[2,6],[2,6],[2,10],[2,13]],[[2,13],[2,5],[2,4],[2,5],[2,5],[2,4],[2,5],[2,13]],[[2,13],[2,4],[2,3],[2,5],[2,5],[2,3],[2,4],[2,13]],[[2,13],[2,4],[2,3],[2,5],[2,5],[2,3],[2,4],[2,13]],[[2,13],[2,4],[2,3],[2,5],[2,5],[2,3],[2,4],[2,13]],[[2,13],[2,4],[2,3],[2,5],[2,5],[2,3],[2,4],[2,13]],[[2,13],[2,4],[2,3],[2,5],[2,5],[2,3],[2,4],[2,13]],[[2,13],[2,4],[2,3],[2,5],[2,5],[2,3],[2,4],[2,13]],[[2,13],[2,10],[2,5],[2,5],[2,10],[2,13]],[[2,13],[2,10],[2,5],[2,5],[2,10],[2,13]],[[2,13],[2,10],[2,5],[2,5],[2,10],[2,13]],[[2,13],[2,10],[2,20],[2,10],[2,13]],[[2,70]]            
     ]
} 