var puzzle = {
	width: 70,	
	height:70,
	hw:25,hh:26,
	palette: [
	  { s:0 , c:-1 }
	  ,{s:0,c:0,co:'0'},{s:0,c:4,co:'36'},{s:0,c:3,co:'27'},{s:0,c:1,co:'9'},{s:0,c:6,co:'54'},{s:0,c:5,co:'45'},{s:0,c:2,co:'18'}
	],
	colors:[  
	"ffcc7f","000000","7a7a00","990000","e98f08","ffffcc","ffef9c","ff00ff",          
	],
	originalColors:[  
	"ffcc7f","000000","7a7a00","990000","e98f08","ffffcc","ffef9c","ff00ff",          
	],	
	usedColors:[  
	0,4,3,1,6,5,2          
	],
	topHeader: [
	[[2,1],[2,2],[3,1],[2,2],[5,2],[2,3],[5,1],[6,2],[5,3],[6,1],[5,2],[7,2],[4,4],[7,2],[3,1],[2,4],[2,3],[2,1],[2,5]],[[2,1],[2,2],[3,1],[2,3],[5,1],[2,3],[5,1],[6,2],[5,3],[6,1],[5,2],[6,1],[7,1],[4,4],[7,2],[3,1],[2,4],[2,3],[2,1],[2,3],[2,1]],[[2,1],[2,2],[3,1],[2,3],[5,1],[2,3],[5,1],[6,1],[5,4],[6,1],[5,2],[6,2],[7,2],[4,2],[7,2],[3,1],[2,4],[2,2],[2,1],[2,3],[2,1]],[[2,2],[2,1],[3,1],[2,3],[5,1],[2,3],[5,1],[6,1],[5,4],[6,1],[5,2],[6,1],[7,2],[4,3],[7,2],[3,1],[2,3],[2,1],[2,4],[2,1]],[[2,2],[2,1],[3,1],[2,4],[5,1],[2,3],[5,1],[6,1],[5,4],[6,2],[5,2],[6,1],[4,4],[7,2],[3,1],[2,2],[2,1],[2,4],[2,1]],[[3,1],[2,1],[2,1],[3,1],[2,4],[5,1],[2,3],[5,1],[6,1],[5,1],[5,2],[6,2],[5,2],[6,1],[4,4],[7,2],[3,1],[2,2],[2,1],[2,3],[2,1]],[[3,1],[2,1],[2,2],[3,1],[2,3],[5,1],[2,2],[5,1],[6,1],[5,1],[5,2],[6,2],[5,2],[6,1],[7,1],[4,3],[7,2],[3,1],[2,2],[2,1],[2,2],[2,1]],[[3,1],[2,1],[2,2],[3,2],[2,2],[5,1],[2,2],[5,2],[6,1],[5,1],[5,2],[6,2],[5,2],[6,1],[7,2],[4,2],[7,2],[3,1],[2,2],[2,1],[2,2],[2,1]],[[3,1],[2,1],[2,2],[3,2],[2,2],[2,2],[5,2],[6,1],[5,1],[5,2],[6,2],[5,2],[6,2],[4,3],[7,1],[3,1],[2,1],[2,1],[2,1],[2,1],[2,2],[2,1]],[[3,1],[2,1],[2,2],[3,2],[2,3],[5,1],[2,2],[5,2],[6,1],[5,1],[5,3],[6,1],[5,2],[6,1],[7,2],[4,2],[7,1],[3,1],[2,1],[2,1],[2,1],[2,1],[2,1]],[[3,1],[2,1],[2,2],[3,2],[2,3],[5,1],[2,2],[5,2],[6,1],[5,1],[5,3],[6,2],[5,1],[6,2],[7,1],[4,2],[7,1],[3,1],[2,1],[7,1],[2,1],[2,1],[2,1]],[[3,1],[2,2],[2,1],[3,3],[2,3],[5,1],[2,1],[5,2],[6,1],[5,1],[5,3],[6,2],[5,2],[6,1],[7,1],[4,2],[7,1],[3,1],[2,1],[7,2],[2,2],[2,1],[2,1]],[[3,1],[2,2],[2,1],[3,4],[2,2],[5,1],[2,1],[5,4],[5,3],[6,2],[5,2],[6,1],[7,1],[4,2],[7,1],[3,1],[2,1],[7,1],[7,3],[2,3],[2,2],[2,1]],[[3,2],[2,1],[2,1],[3,4],[2,2],[5,1],[2,1],[5,4],[5,3],[6,2],[5,2],[6,1],[7,1],[4,2],[7,1],[3,1],[2,1],[7,3],[7,1],[4,1],[7,2],[2,3],[2,2]],[[3,2],[2,1],[2,1],[3,4],[2,2],[5,1],[2,1],[5,4],[5,2],[6,2],[5,2],[6,1],[7,1],[4,2],[7,1],[3,1],[2,1],[7,2],[4,2],[7,1],[4,2],[7,1],[2,3],[2,2]],[[3,2],[2,1],[2,1],[3,4],[2,2],[2,1],[5,4],[5,2],[6,2],[5,2],[6,1],[4,3],[7,1],[3,1],[2,1],[7,2],[4,4],[7,1],[4,2],[7,2],[2,3],[2,1]],[[3,2],[2,3],[3,4],[2,2],[2,1],[5,2],[5,2],[6,2],[5,2],[7,1],[4,3],[7,5],[4,4],[7,1],[4,3],[7,1],[2,3],[2,1]],[[3,1],[2,5],[3,3],[2,2],[2,2],[5,2],[5,2],[6,2],[5,2],[4,3],[7,3],[4,8],[7,1],[4,3],[7,1],[2,3],[2,1]],[[3,1],[2,3],[2,1],[3,3],[2,2],[2,2],[5,2],[5,2],[6,2],[5,2],[4,2],[7,4],[4,8],[4,1],[7,1],[4,3],[2,3],[2,1]],[[3,1],[2,3],[2,1],[3,3],[2,2],[2,2],[5,2],[5,2],[6,3],[5,1],[7,4],[4,12],[7,1],[4,3],[2,3],[4,1]],[[3,1],[2,3],[2,1],[3,3],[2,2],[2,2],[5,2],[5,2],[6,3],[7,2],[4,15],[7,1],[4,3],[2,3],[4,1]],[[3,1],[2,3],[2,1],[3,3],[2,2],[2,2],[5,2],[5,2],[6,2],[7,2],[4,16],[7,1],[4,3],[2,4],[4,1]],[[3,1],[2,3],[2,1],[3,3],[2,2],[2,2],[5,2],[5,1],[7,4],[4,17],[7,1],[4,3],[2,4],[4,1]],[[3,1],[2,3],[2,1],[3,2],[2,3],[2,2],[5,2],[4,21],[4,1],[7,1],[4,3],[2,4],[4,1]],[[3,1],[2,3],[2,1],[3,2],[2,3],[2,2],[5,2],[5,1],[6,3],[5,1],[6,1],[7,1],[7,2],[3,1],[2,2],[4,1],[7,1],[4,3],[2,5],[4,1]],[[3,1],[2,2],[2,1],[3,2],[2,3],[2,2],[2,1],[5,2],[5,1],[6,2],[4,18],[7,1],[4,3],[2,5],[4,1],[4,1]],[[3,1],[2,2],[2,1],[3,2],[2,3],[2,4],[5,2],[5,2],[6,2],[4,17],[7,1],[4,3],[2,5],[4,1],[4,1]],[[3,1],[2,2],[2,1],[3,2],[2,3],[2,4],[5,2],[5,2],[6,2],[5,1],[4,13],[4,1],[7,1],[4,3],[2,5],[4,4]],[[3,1],[2,2],[2,1],[3,2],[2,3],[2,5],[5,2],[5,2],[6,2],[5,1],[6,1],[7,1],[4,12],[4,1],[7,2],[4,2],[2,6],[4,3]],[[3,1],[2,2],[2,1],[3,2],[2,3],[2,5],[5,3],[5,2],[6,2],[5,1],[6,1],[7,1],[4,12],[4,1],[7,2],[4,2],[2,2],[2,3],[4,2]],[[3,1],[2,2],[2,1],[3,2],[2,3],[2,5],[5,1],[5,3],[5,2],[6,2],[5,1],[6,1],[7,1],[4,2],[7,1],[3,1],[4,8],[4,1],[7,2],[4,2],[2,2],[2,3],[4,2],[4,2]],[[3,2],[2,1],[2,1],[3,2],[2,3],[2,5],[5,1],[5,2],[5,2],[6,2],[5,1],[6,2],[7,1],[4,1],[7,1],[3,1],[2,1],[4,6],[7,2],[4,2],[2,2],[2,4],[4,2],[4,2]],[[3,2],[2,1],[2,1],[3,2],[2,3],[2,4],[4,1],[5,1],[5,2],[5,2],[6,2],[5,1],[6,2],[7,1],[4,1],[7,1],[3,1],[2,1],[4,4],[7,1],[4,3],[2,2],[2,1],[2,2],[4,7]],[[3,2],[2,1],[2,1],[3,4],[2,2],[2,3],[4,1],[2,1],[5,1],[4,1],[5,1],[5,2],[6,5],[7,1],[4,1],[7,1],[3,1],[2,1],[4,2],[7,1],[4,3],[2,1],[2,1],[2,1],[2,1],[4,5]],[[4,1],[3,1],[2,1],[2,1],[4,1],[3,3],[2,2],[2,2],[4,1],[2,1],[4,1],[4,1],[5,1],[5,2],[6,5],[7,1],[4,1],[7,1],[3,1],[2,1],[2,1],[7,1],[4,2],[2,2],[4,4]],[[3,2],[2,1],[4,1],[2,1],[4,2],[3,2],[2,2],[2,1],[4,6],[5,1],[5,2],[6,4],[7,1],[4,1],[7,1],[3,2],[2,1],[4,2],[2,2],[4,2]],[[3,3],[2,1],[4,2],[3,3],[2,2],[2,1],[4,5],[4,1],[5,1],[5,2],[6,3],[5,1],[7,1],[4,1],[7,2],[3,1],[2,1],[4,2],[2,2],[4,1],[4,2]],[[3,3],[2,1],[4,4],[3,1],[2,2],[2,1],[4,6],[5,1],[5,3],[6,2],[5,1],[7,1],[4,1],[7,2],[3,1],[2,1],[2,3],[4,1],[4,2]],[[3,3],[2,2],[4,2],[3,2],[2,2],[2,1],[4,5],[5,1],[4,2],[5,1],[6,2],[5,1],[7,1],[4,1],[7,2],[3,1],[2,2],[2,2],[4,1],[4,4]],[[3,2],[4,1],[2,1],[4,5],[2,2],[4,7],[5,1],[4,2],[5,2],[6,2],[5,1],[7,1],[4,1],[7,2],[3,1],[2,2],[2,2],[4,2],[4,3]],[[3,3],[4,5],[3,1],[2,2],[4,1],[4,7],[5,1],[4,2],[5,2],[6,2],[5,1],[7,1],[4,1],[7,2],[3,1],[2,2],[2,3],[4,4],[4,1]],[[3,3],[2,1],[4,3],[3,2],[4,1],[2,1],[4,1],[4,6],[5,2],[4,6],[6,2],[5,1],[7,1],[4,1],[7,2],[3,1],[2,2],[2,2],[4,6]],[[3,2],[4,7],[2,3],[4,1],[4,5],[5,1],[5,2],[4,4],[5,2],[6,2],[5,1],[7,1],[4,1],[7,2],[3,1],[2,2],[2,2],[4,5]],[[3,3],[4,6],[2,3],[4,6],[5,2],[5,1],[4,4],[4,2],[5,1],[6,2],[5,1],[7,1],[4,1],[7,1],[3,2],[2,2],[2,1],[4,4]],[[3,3],[2,1],[4,4],[3,1],[2,1],[4,1],[2,2],[4,4],[4,1],[5,1],[5,1],[4,5],[5,4],[6,1],[5,1],[7,1],[4,1],[7,1],[3,2],[2,2],[4,4]],[[3,3],[4,7],[2,3],[4,6],[5,1],[4,5],[5,4],[6,2],[7,1],[4,1],[7,1],[3,2],[2,2],[4,6]],[[3,3],[2,1],[4,6],[2,3],[4,5],[5,2],[4,5],[5,4],[6,2],[7,3],[3,2],[2,2],[4,9]],[[3,3],[2,2],[4,5],[2,1],[4,1],[2,1],[4,4],[5,1],[4,5],[4,5],[5,1],[6,2],[7,3],[3,1],[2,3],[4,7]],[[3,3],[2,3],[3,1],[4,6],[4,4],[5,1],[4,4],[4,5],[5,3],[6,1],[7,3],[3,1],[2,3],[4,6]],[[3,1],[4,1],[3,1],[2,1],[4,2],[3,4],[4,7],[4,15],[7,3],[3,1],[2,2],[4,5]],[[3,2],[4,1],[2,1],[4,3],[3,1],[4,2],[2,1],[4,6],[4,13],[5,1],[7,4],[3,1],[2,2],[2,1],[4,4]],[[3,2],[4,2],[2,1],[4,3],[3,1],[4,17],[5,1],[4,5],[7,4],[3,1],[2,2],[2,1],[4,5]],[[3,1],[4,1],[3,1],[4,22],[4,1],[5,1],[4,1],[6,1],[5,2],[7,1],[4,1],[7,2],[3,1],[2,2],[2,1],[4,7]],[[3,1],[4,27],[6,2],[5,2],[7,1],[4,1],[7,2],[3,1],[2,2],[2,2],[4,9]],[[3,1],[4,35],[3,1],[2,2],[2,2],[4,5],[4,5]],[[3,1],[4,39],[2,2],[4,2],[4,5]],[[3,1],[4,23],[5,1],[4,1],[5,2],[6,2],[5,2],[4,13],[2,2],[4,7]],[[3,1],[4,20],[5,1],[4,2],[5,1],[4,2],[6,1],[5,2],[7,1],[4,2],[7,1],[4,14],[2,1],[4,2],[4,3]],[[3,1],[4,8],[2,2],[4,16],[5,1],[6,2],[4,5],[7,2],[2,3],[4,14],[4,4]],[[3,1],[4,2],[2,1],[4,3],[3,1],[2,1],[4,21],[5,2],[7,1],[4,2],[7,2],[2,3],[4,12],[4,3]],[[3,1],[4,1],[2,1],[4,3],[3,2],[4,23],[5,1],[7,1],[4,2],[7,2],[2,3],[2,1],[4,13],[4,5]],[[3,1],[2,1],[4,4],[3,1],[4,7],[4,2],[4,17],[7,2],[2,3],[2,1],[2,2],[4,11],[4,5]],[[3,1],[2,2],[4,2],[3,2],[4,4],[2,1],[4,2],[2,1],[4,1],[4,14],[7,2],[4,1],[7,2],[2,3],[2,1],[2,3],[4,18]],[[3,1],[2,2],[4,2],[3,1],[4,5],[2,1],[4,2],[2,2],[4,4],[4,3],[4,10],[7,1],[2,2],[2,2],[2,3],[4,14]],[[3,1],[2,2],[4,1],[2,1],[3,1],[4,6],[4,2],[2,2],[4,5],[5,1],[4,3],[5,2],[4,7],[7,2],[2,2],[2,2],[2,3],[4,12]],[[3,1],[2,2],[4,1],[2,1],[3,1],[4,3],[2,1],[4,3],[4,1],[2,2],[4,3],[5,1],[4,2],[5,2],[6,1],[4,8],[2,2],[2,2],[2,2],[4,10]],[[3,2],[2,1],[4,1],[2,1],[3,1],[4,4],[2,1],[4,1],[2,3],[4,5],[5,1],[4,5],[6,1],[5,1],[4,9],[2,2],[2,1],[4,1],[4,8]],[[3,2],[2,3],[4,6],[2,3],[4,4],[5,1],[4,6],[6,1],[5,1],[7,1],[4,4],[7,1],[2,3],[2,2],[2,1],[4,9]],[[3,2],[2,2],[3,1],[4,3],[2,1],[4,1],[2,1],[2,3],[4,5],[5,2],[4,6],[5,1],[7,2],[4,3],[7,1],[2,4],[2,3],[2,2],[4,11]],[[3,1],[2,3],[3,1],[4,4],[2,2],[2,4],[4,5],[5,1],[4,3],[6,2],[4,1],[7,2],[4,3],[7,1],[2,4],[2,3],[2,2],[4,7]]            
	],
	leftHeader: [
       	[[2,5],[3,29],[4,1],[3,35]],[[2,10],[3,4],[2,14],[3,18],[4,1],[3,2],[4,9],[2,5],[3,3],[2,1]],[[2,25],[3,3],[4,1],[3,2],[4,1],[3,7],[4,2],[3,1],[4,7],[2,1],[4,1],[2,8]],[[2,3],[2,9],[4,1],[2,4],[4,1],[2,1],[4,2],[2,1],[4,1],[2,5],[4,8],[2,1],[4,7],[2,3]],[[2,18],[2,3],[4,2],[2,1],[4,8],[2,2],[4,2],[2,1],[4,12],[2,4],[3,2]],[[3,6],[2,5],[3,6],[2,16],[3,1],[4,14],[2,1],[4,13],[3,5],[4,3]],[[2,6],[3,29],[4,1],[3,1],[4,11],[3,2],[4,10],[3,3],[4,7]],[[2,7],[3,30],[4,1],[3,1],[4,2],[3,1],[4,7],[3,2],[4,8],[3,2],[4,9]],[[2,11],[3,11],[2,10],[3,6],[4,1],[3,2],[4,2],[3,1],[4,4],[3,1],[4,1],[3,1],[4,7],[2,1],[4,8],[2,1],[4,1]],[[2,37],[4,1],[2,3],[4,4],[3,1],[4,8],[2,1],[4,6],[2,1],[4,3],[2,1]],[[2,35],[4,1],[2,3],[4,2],[2,1],[4,7],[2,1],[4,7],[2,1],[4,1],[2,2]],[[5,1],[2,5],[4,15],[2,2],[4,3]],[[5,8],[4,4],[2,4],[4,16],[4,1]],[[5,6],[2,6],[4,4],[4,16]],[[2,6],[2,22],[4,22],[4,2],[2,4]],[[2,35],[4,27],[2,8]],[[2,11],[2,7],[4,30],[2,7]],[[2,7],[4,1],[2,2],[4,9],[4,4],[4,10],[4,6],[2,1]],[[5,4],[4,9],[5,1],[4,2],[5,3],[4,21]],[[5,9],[4,1],[4,7],[5,5],[4,23]],[[5,24],[4,1],[4,1],[4,2],[4,19],[4,4]],[[6,12],[5,19],[4,1],[4,1],[5,4],[4,12],[4,5],[4,1],[4,1],[4,2]],[[6,2],[5,14],[5,19],[4,14],[5,1],[4,6],[5,5],[4,1]],[[5,5],[5,4],[4,6],[4,19],[5,2]],[[5,14],[4,1],[4,6],[4,8],[5,1],[4,12]],[[5,23],[4,1],[4,6],[4,5],[4,4],[4,5],[4,1],[4,4]],[[6,9],[5,13],[7,1],[4,1],[5,11],[4,4],[4,1],[4,4],[5,1],[4,4],[5,2],[4,6],[5,2],[4,4]],[[5,4],[6,18],[7,1],[4,1],[6,2],[5,12],[4,2],[4,1],[4,1],[5,3],[4,5],[5,1],[4,3],[5,1],[4,1],[5,1],[4,5],[5,2],[4,4]],[[5,10],[6,12],[7,1],[4,1],[6,11],[5,3],[4,1],[5,2],[4,1],[5,1],[4,1],[5,3],[4,6],[6,1],[4,2],[6,1],[4,1],[6,1],[4,6],[6,2],[4,2],[6,1]],[[7,1],[6,3],[5,15],[6,2],[7,2],[4,1],[6,1],[4,1],[6,11],[5,4],[4,1],[5,5],[4,1],[5,1],[4,3],[6,2],[4,2],[6,3],[4,7],[5,1],[6,1],[4,1],[6,1]],[[7,2],[6,1],[7,1],[6,7],[5,9],[7,2],[4,2],[5,1],[4,2],[5,6],[6,11],[5,5],[4,3],[5,2],[4,2],[5,2],[4,1],[5,1],[4,7],[5,2],[4,1]],[[4,2],[7,2],[4,2],[7,2],[6,1],[7,1],[6,6],[7,1],[4,2],[7,2],[4,3],[6,1],[4,3],[6,20],[5,1],[4,1],[5,1],[4,1],[5,2],[4,2],[5,2],[4,1],[5,2],[4,6],[7,3]],[[4,2],[7,1],[4,4],[7,1],[4,1],[7,6],[4,4],[7,1],[4,4],[7,1],[4,3],[7,3],[6,5],[5,9],[6,4],[4,1],[7,4],[4,3],[7,1],[4,1],[7,2],[4,1],[7,1],[4,5],[7,2]],[[4,18],[7,2],[4,4],[4,6],[7,21],[4,10],[7,1],[4,7]],[[4,17],[7,3],[4,4],[4,21],[7,8],[4,16]],[[7,19],[4,5],[7,1],[4,5],[7,24],[4,3],[7,6],[4,1],[7,1],[4,5]],[[7,8],[3,8],[7,3],[4,5],[7,1],[4,5],[3,6],[7,7],[3,12],[4,3],[7,7],[4,2],[7,3]],[[3,8],[2,8],[7,1],[4,7],[3,1],[4,6],[2,4],[3,12],[2,8],[4,3],[2,8],[4,1],[2,3]],[[2,8],[7,2],[4,7],[2,1],[4,6],[2,17],[4,3],[2,8],[4,1],[2,3]],[[2,10],[7,3],[4,7],[2,1],[4,7],[2,15],[4,3],[2,5],[2,3]],[[2,4],[7,2],[4,9],[4,7],[4,3],[2,2]],[[2,3],[7,1],[4,10],[4,7],[4,3]],[[7,2],[4,10],[4,8],[4,3]],[[4,9],[4,8],[4,3]],[[4,7],[4,2],[4,6],[4,4],[2,2]],[[4,4],[4,2],[4,2],[4,3],[2,10]],[[2,2],[7,8],[4,13],[4,4],[2,7]],[[2,6],[7,2],[4,5],[7,17],[4,4]],[[2,3],[2,3],[7,2],[4,14],[7,4],[4,5],[2,3],[4,4],[2,5]],[[7,3],[4,21],[2,7],[2,4],[4,4],[2,9]],[[2,4],[7,3],[4,16],[2,7],[2,8],[4,4],[2,3],[2,2]],[[2,30],[4,4]],[[2,21],[4,5]],[[2,14],[4,5]],[[2,13],[4,4]],[[2,8],[4,4]],[[2,5],[4,4]],[[2,3],[4,4],[4,1]],[[4,1],[4,5]],[[2,1],[4,2],[4,4],[4,1]],[[4,1],[4,5],[4,1]],[[4,1],[4,1],[4,2],[4,4],[4,2]],[[2,3],[4,2],[4,1],[4,2],[4,7]],[[2,3],[2,7],[4,2],[4,3],[4,2],[4,3],[4,1],[4,8]],[[2,15],[4,1],[4,3],[4,4],[4,2],[4,2],[4,8]],[[2,9],[4,2],[4,3],[4,5],[4,7],[4,10]],[[2,5],[2,4],[4,3],[4,3],[4,3],[4,17],[4,1],[4,10]],[[2,1],[4,2],[4,3],[4,2],[4,29]],[[2,9],[4,2],[4,13],[4,29]],[[4,49]]            
     ]
} 