
var puzzle = {
	width: 15,	
	height:20,
	hw:6,hh:9,
	palette: [
	  { s:0 , c:-1 }
	  ,{s:0,c:0,co:'0'},{s:0,c:4,co:'36'},{s:0,c:3,co:'27'},{s:0,c:2,co:'18'},{s:0,c:1,co:'9'}
	],
	colors:[  
	"ffffff","339900","66cc00","ff99cc","ff3399","ffcc00","00ffff","ff00ff",          
	],
	originalColors:[  
	"ffffff","339900","66cc00","ff99cc","ff3399","ffcc00","00ffff","ff00ff",          
	],	
	usedColors:[  
	0,4,3,2,1          
	],
	topHeader: [
	[[3,1]],[[3,3],[4,3]],[[3,5],[5,2],[4,3]],[[2,1],[3,4],[5,2],[4,3],[5,1]],[[3,1],[2,3],[3,2],[5,3],[4,2],[5,1]],[[3,3],[2,1],[3,1],[2,1],[3,1],[4,1],[5,2],[4,2],[5,2]],[[3,5],[2,1],[4,3],[5,2],[4,1],[5,1]],[[2,2],[3,5],[4,1],[5,4],[5,1],[5,2]],[[2,5],[5,2],[5,2],[5,1],[5,2]],[[3,2],[2,1],[3,1],[2,2],[5,5]],[[3,5],[2,2],[4,3],[5,1]],[[3,4],[2,3],[4,3],[5,2]],[[3,2],[2,2],[4,2],[5,3]],[[3,1],[2,1],[4,1],[5,3]],[[5,2]]            
	],
	leftHeader: [
       	[[2,1]],[[3,2],[2,1],[3,1]],[[2,1],[3,4],[2,1],[3,5]],[[2,1],[3,3],[2,1],[3,4]],[[3,2],[2,2],[3,2],[2,2],[3,2]],[[3,3],[2,1],[3,3],[2,1],[3,2],[2,2]],[[3,5],[2,2],[3,1],[2,2],[3,1],[2,3]],[[3,5],[4,2],[5,1],[2,3]],[[3,1],[4,2],[5,2],[2,1],[4,1],[5,1]],[[4,1],[5,1],[4,1],[5,2]],[[4,1],[5,1],[5,1],[4,2],[5,1]],[[4,1],[5,3],[5,2],[4,2],[5,2]],[[4,2],[5,3],[5,2],[4,2],[5,1]],[[4,2],[5,3],[5,1],[4,1],[5,2]],[[4,4],[5,6]],[[4,4],[5,1]],[[5,2]],[[5,2]],[[5,3]],[[5,3]]            
     ]
} 
