
var puzzle = {
	width: 100,	
	height:60,
	hw:18,hh:17,
	palette: [
	  { s:0 , c:-1 }
	  ,{s:0,c:0,co:'0'},{s:0,c:2,co:'18'},{s:0,c:1,co:'9'},{s:0,c:3,co:'27'},{s:0,c:7,co:'63'},{s:0,c:4,co:'36'},{s:0,c:5,co:'45'}
	],
	colors:[  
	"ffffff","000000","ff99ff","ff0000","00d700","00cccc","00ffff","333300",          
	],
	originalColors:[  
	"ffffff","000000","ff99ff","ff0000","00d700","00cccc","00ffff","333300",          
	],	
	usedColors:[  
	0,2,1,3,7,4,5          
	],
	topHeader: [
	[[2,1],[3,1]],[[2,3],[3,3],[2,1]],[[2,2],[5,1],[3,2],[2,2]],[[2,1],[3,1],[2,2]],[[2,1],[3,3],[2,5],[3,1]],[[2,3],[3,1],[2,2],[3,1],[3,1]],[[2,1],[2,2],[3,3],[2,3],[3,2]],[[2,3],[2,2],[3,2],[2,1],[3,1],[2,2],[3,1],[2,1]],[[2,1],[3,2],[2,4],[3,2],[2,2],[3,4],[2,3]],[[3,2],[3,2],[2,1],[3,1],[2,1],[2,2],[3,2],[3,2],[2,2]],[[2,1],[3,1],[2,1],[3,1],[2,1],[3,2],[2,2],[3,1],[3,1],[2,2],[3,1]],[[2,1],[3,1],[2,1],[3,3],[2,1],[3,4],[2,2],[3,4],[3,1]],[[2,2],[3,2],[3,1],[3,2],[3,1],[2,3],[3,1],[3,2],[3,1]],[[2,1],[3,1],[3,2],[3,3],[3,3],[2,2],[3,2],[3,2],[3,3],[7,1]],[[2,1],[3,3],[3,1],[3,7],[2,3],[3,2],[3,1],[7,2]],[[2,2],[3,1],[3,4],[3,2],[2,3],[3,3],[7,2],[7,1]],[[2,1],[3,2],[3,3],[3,2],[2,2],[2,1],[3,2],[7,3],[7,2]],[[2,2],[3,1],[3,2],[2,1],[3,3],[2,1],[3,1],[7,3],[7,2]],[[2,2],[3,1],[2,2],[2,1],[3,4],[3,2],[3,1],[7,3],[7,2]],[[2,1],[3,1],[2,2],[2,1],[3,3],[3,2],[3,2],[7,3],[7,2]],[[2,3],[3,3],[3,2],[3,3],[3,2],[7,3],[7,3]],[[2,2],[3,2],[3,10],[3,1],[7,3],[7,4]],[[2,1],[3,4],[3,4],[3,6],[3,1],[7,4],[7,4]],[[2,2],[2,2],[3,5],[3,2],[3,5],[3,1],[7,10]],[[2,1],[2,3],[3,6],[3,5],[3,1],[7,7],[7,2]],[[2,2],[2,1],[2,2],[3,6],[3,4],[3,1],[7,7],[7,2]],[[2,2],[3,1],[2,2],[3,2],[2,1],[3,4],[3,4],[3,5],[3,1],[7,4],[7,3],[7,2]],[[2,3],[3,2],[2,1],[3,5],[3,5],[4,4],[3,10],[3,1],[7,4],[7,6]],[[2,4],[3,3],[3,5],[3,4],[4,11],[3,10],[3,1],[6,1],[7,2],[7,6]],[[2,1],[3,8],[4,2],[3,6],[4,5],[3,17],[6,1],[7,7],[7,1]],[[2,1],[3,2],[2,1],[3,4],[4,5],[3,6],[4,3],[3,19],[6,1],[7,7],[7,1]],[[2,4],[3,3],[4,7],[3,28],[6,1],[7,4],[7,2],[7,1]],[[2,2],[3,2],[4,5],[3,29],[7,4],[7,4]],[[4,1],[3,3],[4,3],[3,30],[6,1],[7,3],[7,4]],[[2,2],[2,1],[4,3],[3,3],[3,1],[3,13],[4,2],[3,11],[6,1],[7,3],[7,4]],[[2,1],[2,3],[4,5],[3,3],[3,12],[4,2],[3,11],[6,2],[7,2],[7,4]],[[2,2],[3,2],[4,4],[3,5],[3,8],[3,2],[4,2],[3,10],[6,3],[7,6]],[[2,3],[3,2],[4,1],[3,4],[3,1],[3,8],[3,3],[4,5],[3,6],[6,2],[7,5]],[[2,2],[3,8],[3,6],[3,3],[4,4],[3,6],[6,2],[7,5]],[[2,2],[3,1],[4,2],[3,1],[4,1],[3,6],[3,1],[4,4],[3,5],[6,2],[7,5]],[[2,1],[3,1],[4,2],[3,1],[3,4],[4,3],[3,5],[6,3],[7,4]],[[2,3],[3,2],[3,3],[4,3],[3,6],[6,3],[7,4]],[[4,1],[2,1],[3,2],[3,3],[4,4],[3,6],[6,3],[7,4]],[[4,5],[2,1],[3,3],[4,3],[3,7],[6,2],[7,4]],[[4,5],[2,2],[2,1],[3,3],[4,3],[3,8],[6,2],[7,4]],[[4,4],[2,1],[3,1],[2,3],[3,3],[4,3],[3,8],[6,2],[7,5]],[[4,4],[2,2],[2,1],[3,2],[2,2],[3,2],[4,3],[3,8],[6,2],[7,5]],[[4,5],[2,1],[2,4],[3,1],[2,2],[3,2],[4,3],[3,9],[6,2],[3,1],[7,5]],[[4,5],[2,2],[2,3],[2,2],[3,1],[3,3],[4,4],[3,9],[6,2],[3,1],[7,5]],[[4,5],[2,2],[3,1],[2,3],[3,3],[3,4],[4,4],[3,9],[6,2],[3,2],[7,4]],[[4,5],[2,2],[3,3],[3,1],[3,3],[4,4],[3,10],[6,2],[3,2],[7,4]],[[4,4],[2,2],[3,2],[3,1],[3,2],[3,3],[4,4],[3,10],[6,2],[3,2],[7,4]],[[4,4],[2,2],[3,2],[3,4],[2,1],[3,3],[4,3],[3,10],[6,2],[3,3],[7,3]],[[4,4],[2,1],[2,1],[3,2],[3,4],[2,1],[3,1],[2,1],[3,5],[4,3],[3,8],[6,2],[3,3],[7,2]],[[4,4],[2,2],[3,5],[2,5],[3,6],[4,2],[3,8],[6,3],[3,3],[7,2]],[[4,4],[2,1],[2,2],[3,1],[3,2],[2,5],[3,4],[4,2],[3,9],[6,3],[3,3],[7,2]],[[4,4],[2,2],[2,2],[3,1],[3,2],[2,3],[3,4],[4,3],[3,7],[6,3],[3,3],[7,1],[7,1]],[[4,4],[2,3],[3,1],[3,2],[2,2],[3,5],[4,3],[3,8],[6,3],[3,2],[7,1],[7,1]],[[4,5],[2,3],[3,1],[3,3],[2,2],[3,6],[4,3],[3,9],[6,3],[3,2],[7,1]],[[4,5],[2,1],[3,1],[3,2],[2,1],[3,5],[4,2],[3,8],[6,3],[3,2],[7,1]],[[4,5],[3,2],[3,2],[3,3],[4,2],[3,6],[6,3],[3,1],[7,2]],[[4,5],[2,1],[3,1],[3,1],[3,2],[2,1],[4,2],[3,7],[6,3],[3,2],[7,2]],[[4,5],[2,1],[2,2],[3,1],[3,1],[3,3],[2,2],[2,1],[4,1],[3,8],[6,3],[3,2],[7,1]],[[4,5],[2,2],[2,1],[3,1],[3,3],[3,2],[2,3],[4,1],[3,10],[6,3],[3,2],[7,2]],[[4,5],[2,3],[3,2],[3,5],[3,2],[2,4],[3,12],[6,2],[3,1],[7,1],[3,2],[7,2]],[[4,5],[2,3],[3,1],[3,1],[3,2],[3,2],[2,2],[3,1],[2,1],[3,7],[6,2],[3,1],[7,1],[3,2],[7,2]],[[4,5],[2,2],[2,2],[3,2],[3,2],[3,1],[3,3],[2,1],[3,2],[4,1],[3,8],[6,2],[3,1],[7,1],[3,2],[7,2]],[[4,5],[2,1],[2,3],[3,1],[3,1],[3,4],[2,2],[3,1],[4,2],[3,7],[6,3],[3,3],[7,3]],[[4,5],[2,3],[3,1],[3,4],[2,3],[3,1],[4,2],[3,8],[6,3],[3,3],[7,3]],[[4,4],[2,4],[3,3],[2,3],[3,2],[4,3],[3,9],[6,2],[3,4],[7,3]],[[4,4],[2,2],[2,3],[3,2],[2,3],[3,3],[4,3],[3,9],[6,2],[3,3],[7,4]],[[4,4],[2,1],[4,1],[2,3],[3,1],[2,2],[3,2],[2,1],[4,5],[3,8],[6,2],[3,3],[7,2]],[[4,6],[2,1],[3,3],[2,1],[3,1],[2,1],[4,5],[3,8],[6,2],[3,3],[7,2]],[[4,6],[3,3],[3,5],[2,1],[4,5],[3,7],[6,2],[3,2],[7,1],[3,1],[7,1]],[[4,8],[3,2],[3,1],[2,1],[3,1],[2,2],[4,5],[3,1],[3,6],[6,1],[3,3],[7,1],[3,1],[7,1]],[[4,10],[3,1],[2,1],[3,2],[4,1],[2,1],[3,2],[2,2],[4,6],[3,9],[6,1],[3,3],[7,1],[3,1],[7,1]],[[4,8],[3,1],[2,1],[3,2],[4,2],[2,2],[3,1],[2,1],[4,7],[3,7],[6,1],[3,1],[7,1],[3,1],[7,1],[3,1],[7,1]],[[4,7],[3,3],[4,3],[2,2],[4,6],[3,8],[6,1],[3,2],[7,1],[3,2],[7,2]],[[4,4],[3,3],[4,9],[3,8],[6,1],[3,2],[7,1],[3,2],[7,2]],[[3,2],[4,6],[3,7],[6,1],[3,2],[7,1],[3,2],[7,1]],[[3,2],[3,7],[6,1],[3,2],[6,1],[3,1],[7,2]],[[3,2],[3,2],[3,4],[6,1],[3,2],[6,1],[3,1],[7,2]],[[3,2],[3,1],[3,4],[6,2],[3,2],[6,1],[3,1],[7,2]],[[3,2],[3,1],[3,3],[6,1],[3,3],[6,1],[7,3]],[[2,1],[3,1],[3,2],[3,1],[6,2],[3,3],[6,1],[7,3]],[[2,2],[2,1],[3,2],[3,2],[3,1],[6,2],[3,3],[6,2],[7,2]],[[2,3],[3,2],[3,1],[3,1],[6,1],[3,1],[6,1],[3,3],[6,1],[7,1]],[[2,3],[3,2],[3,1],[3,1],[6,1],[3,1],[6,1],[3,3],[6,1],[7,1]],[[2,2],[3,2],[3,1],[6,1],[3,1],[6,1],[3,1],[6,1],[3,3],[6,1],[7,1]],[[2,1],[2,1],[3,1],[6,1],[3,1],[6,1],[3,1],[6,1],[3,3],[6,1],[7,1]],[[2,2],[2,3],[3,1],[6,1],[3,1],[6,1],[3,1],[6,1],[3,3],[6,1],[7,1]],[[2,3],[3,3],[6,1],[6,2],[3,1],[6,1],[3,3],[6,1]],[[2,4],[3,2],[6,2],[3,2],[6,1],[3,3],[6,1]],[[2,2],[2,2],[3,3],[6,2],[3,2],[6,1],[3,3]],[[2,1],[2,4],[3,2],[6,2],[3,2],[6,1],[3,3]],[[2,2],[3,3],[6,2],[3,1],[6,2],[3,3]],[[2,3],[3,1],[6,1],[3,1],[6,1],[3,4]],[[2,3],[3,4],[6,1],[3,1],[6,1],[3,4]],[[2,2],[3,2],[2,2],[3,1],[6,1],[3,1],[6,1],[3,4]],[[2,2],[2,1],[6,1],[3,1],[6,1],[3,4]]            
	],
	leftHeader: [
       	[[2,1],[3,1],[2,5],[2,3]],[[2,3],[3,3],[2,1],[3,2],[2,4],[3,1],[2,1],[4,15]],[[2,1],[3,1],[2,2],[3,1],[3,1],[2,1],[3,3],[2,2],[2,1],[2,2],[2,1],[4,21]],[[2,1],[3,2],[3,2],[3,3],[2,4],[2,2],[2,2],[2,1],[2,4],[4,25]],[[2,2],[2,1],[3,3],[2,2],[2,3],[2,2],[2,3],[3,1],[2,3],[4,25]],[[2,3],[2,3],[2,1],[3,3],[2,4],[3,1],[2,2],[2,2],[3,1],[2,1],[3,3],[2,2],[4,8],[4,11]],[[3,2],[5,1],[2,1],[2,5],[3,3],[3,1],[3,1],[2,1],[3,2],[2,2],[2,1],[3,3],[4,2],[2,1],[3,1],[4,2],[4,8]],[[3,4],[2,2],[2,2],[3,3],[2,1],[2,1],[3,4],[2,2],[4,1],[3,2],[4,2],[3,2],[4,1],[4,6]],[[3,2],[3,1],[3,1],[2,1],[3,2],[3,2],[2,2],[2,2],[2,2],[3,2],[4,3],[3,4],[2,1],[2,1],[4,5]],[[3,8],[3,3],[2,3],[3,3],[4,3],[3,2],[4,1],[2,1],[2,2],[2,2],[4,5]],[[3,3],[3,4],[2,2],[3,1],[3,3],[4,4],[3,2],[2,1],[2,2],[2,2],[4,4]],[[3,4],[2,3],[3,8],[4,2],[3,3],[2,2],[2,2],[2,2],[2,3],[2,1],[2,1],[4,4]],[[3,4],[2,2],[3,8],[4,1],[3,2],[2,1],[2,5],[2,5],[2,2],[2,5],[2,2],[4,4]],[[3,5],[3,4],[4,2],[3,4],[2,2],[2,3],[3,1],[2,5],[2,1],[3,1],[2,4],[4,5]],[[3,1],[3,2],[3,5],[4,3],[3,4],[2,2],[3,3],[2,2],[3,2],[3,7],[2,4],[4,5]],[[3,3],[3,4],[3,6],[4,4],[3,2],[2,3],[3,1],[3,4],[3,3],[3,2],[2,4],[4,4]],[[3,1],[3,9],[4,4],[2,1],[2,1],[2,1],[3,5],[2,3],[4,4]],[[3,1],[3,7],[4,4],[2,2],[2,3],[3,3],[3,3],[3,3],[4,4]],[[2,1],[2,1],[3,6],[4,3],[3,2],[2,2],[3,12],[3,4],[4,4]],[[2,2],[2,2],[2,2],[3,7],[4,2],[3,2],[2,1],[3,4],[3,2],[3,2],[3,2],[3,4],[4,4]],[[2,1],[2,1],[2,2],[2,5],[3,9],[2,4],[3,1],[3,2],[3,3],[3,2],[3,1],[4,4]],[[2,2],[2,3],[3,2],[2,1],[2,2],[3,1],[2,3],[3,8],[2,3],[3,5],[2,2],[2,1],[3,5],[3,2],[4,4],[2,1],[2,1]],[[2,5],[3,1],[2,2],[3,1],[2,2],[3,7],[3,6],[3,2],[2,4],[2,2],[3,2],[3,4],[4,2],[2,1],[2,2],[2,2]],[[2,2],[3,1],[2,1],[3,2],[2,1],[3,1],[4,1],[3,6],[3,13],[3,2],[2,4],[3,3],[3,2],[2,2],[3,3],[2,2],[2,2]],[[2,1],[3,6],[3,1],[4,1],[3,22],[2,4],[3,7],[3,5],[2,2],[2,5],[2,2]],[[3,2],[3,4],[4,1],[3,12],[3,1],[3,4],[2,4],[3,9],[3,4],[4,1],[3,3],[2,4],[2,9]],[[3,1],[3,2],[3,3],[3,2],[4,4],[3,9],[3,6],[3,6],[2,2],[3,3],[4,4],[3,3],[2,5],[3,1],[2,1],[2,4],[3,1],[2,1]],[[3,3],[3,8],[4,4],[3,9],[3,4],[3,5],[2,4],[3,1],[4,5],[3,3],[3,6],[2,1],[3,1],[2,1],[3,2],[2,1]],[[2,1],[3,1],[2,1],[3,3],[3,4],[4,4],[3,8],[3,8],[2,1],[2,4],[3,3],[2,3],[4,3],[3,4],[3,7],[2,1]],[[2,4],[3,2],[3,3],[4,3],[3,8],[3,7],[2,2],[2,2],[2,3],[3,2],[2,1],[3,3],[2,2],[4,2],[3,2],[3,3],[3,1],[2,2]],[[2,2],[3,2],[3,1],[3,3],[4,2],[3,8],[3,6],[2,4],[2,1],[3,1],[2,1],[3,1],[2,1],[3,2],[2,1],[4,2],[3,2]],[[3,4],[4,1],[3,8],[3,2],[2,3],[3,2],[3,2],[2,4],[4,2]],[[3,4],[4,1],[3,7],[3,2],[2,3],[3,4],[4,2],[2,1],[4,3]],[[3,4],[3,1],[4,1],[3,11],[4,3],[4,13]],[[3,18],[4,4],[4,12]],[[3,16],[4,5],[4,9]],[[3,14],[4,2],[4,3],[4,7]],[[3,12],[4,3],[4,8],[4,4]],[[3,10],[4,2],[4,8],[3,1],[4,2]],[[3,10],[4,1],[4,7],[3,1]],[[3,10],[4,2],[4,10],[3,2],[3,2],[3,2],[3,2]],[[3,10],[4,3],[4,9],[3,3],[3,1],[3,1],[3,2],[3,1],[3,5],[3,7]],[[3,10],[4,10],[3,9],[3,3],[3,3],[3,8],[3,11]],[[3,10],[4,5],[3,17],[3,20],[3,5]],[[3,10],[4,2],[3,43],[6,4]],[[3,62],[6,4]],[[3,55],[6,9]],[[3,58],[6,8],[3,8]],[[3,4],[7,2],[3,43],[6,4],[3,9],[6,5]],[[7,6],[7,6],[6,4],[3,28],[6,6],[3,3],[6,10],[3,4]],[[7,20],[6,4],[3,9],[6,10],[3,23]],[[7,19],[6,8],[6,20],[3,26]],[[7,6],[7,7],[6,33],[3,7],[7,4],[6,6],[3,14]],[[7,17],[6,24],[3,19],[7,2],[6,8]],[[7,10],[7,11],[3,17],[7,3],[3,6],[7,4],[3,3],[7,11]],[[7,29],[3,11],[3,9],[7,3],[3,4],[7,9]],[[7,9],[7,25],[3,5],[3,3],[7,12]],[[7,13],[7,21],[7,2],[7,8]],[[7,14],[7,11],[7,11]],[[7,15]]            
     ]
} 