
var puzzle = {
	width: 30,	
	height:30,
	hw:7,hh:7,
	palette: [
	  { s:0 , c:-1 }
	  ,{s:0,c:0,co:'0'},{s:0,c:1,co:'9'}
	],
	colors:[  
	"ffffff","000000","ff0000","00ff00","0000ff","00ffff","ff00ff","808080",          
	],
	originalColors:[  
	"ffffff","000000","ff0000","00ff00","0000ff","00ffff","ff00ff","808080",          
	],	
	usedColors:[  
	0,1          
	],
	topHeader: [
	[[2,2],[2,2],[2,5]],[[2,1],[2,2],[2,1],[2,9]],[[2,6],[2,2],[2,3],[2,2]],[[2,5],[2,1],[2,2],[2,2],[2,3]],[[2,3],[2,3],[2,4],[2,1],[2,3]],[[2,2],[2,3],[2,5],[2,4]],[[2,1],[2,1],[2,2],[2,3],[2,3],[2,2],[2,3]],[[2,1],[2,4],[2,2],[2,5],[2,2],[2,4]],[[2,2],[2,4],[2,1],[2,3],[2,2],[2,1],[2,5]],[[2,4],[2,4],[2,4],[2,2],[2,1],[2,5]],[[2,6],[2,2],[2,5],[2,2],[2,7]],[[2,2],[2,1],[2,2],[2,1],[2,5],[2,1],[2,6]],[[2,3],[2,1],[2,1],[2,2],[2,2],[2,9]],[[2,4],[2,1],[2,2],[2,1],[2,3],[2,8]],[[2,4],[2,2],[2,3],[2,8]],[[2,4],[2,2],[2,3],[2,2]],[[2,3],[2,2],[2,3],[2,9]],[[2,6],[2,1],[2,2],[2,4],[2,4],[2,3]],[[2,6],[2,1],[2,1],[2,4],[2,4],[2,4],[2,2]],[[2,5],[2,4],[2,4],[2,7]],[[2,5],[2,4]],[[2,3],[2,2],[2,6],[2,12]],[[2,5],[2,5],[2,9]],[[2,2],[2,5],[2,1],[2,3],[2,4]],[[2,2],[2,4],[2,1],[2,8]],[[2,2],[2,5],[2,2],[2,3]],[[2,3],[2,5],[2,3],[2,3]],[[2,1],[2,10],[2,3]],[[2,3],[2,9]],[[2,1],[2,5]]            
	],
	leftHeader: [
       	[[2,5],[2,2]],[[2,9],[2,3],[2,1]],[[2,3],[2,7],[2,1],[2,2]],[[2,3],[2,9],[2,2]],[[2,1],[2,2],[2,5],[2,2]],[[2,8],[2,1],[2,4],[2,2]],[[2,2],[2,3],[2,1],[2,6]],[[2,10],[2,5],[2,4]],[[2,10],[2,6],[2,2],[2,3]],[[2,4],[2,6]],[[2,9],[2,4],[2,4],[2,5]],[[2,1],[2,4],[2,4],[2,4],[2,1],[2,1],[2,6]],[[2,2],[2,3],[2,4],[2,4],[2,2],[2,1],[2,7]],[[2,8],[2,3],[2,2],[2,2]],[[2,7],[2,4],[2,2],[2,4]],[[2,2],[2,1],[2,3],[2,2],[2,4]],[[2,7],[2,2],[2,2],[2,1],[2,2],[2,1],[2,4]],[[2,8],[2,3],[2,1],[2,2],[2,1],[2,2],[2,3]],[[2,2],[2,4],[2,4],[2,1],[2,4],[2,2]],[[2,8],[2,4],[2,4],[2,2],[2,6]],[[2,8],[2,5],[2,3],[2,4],[2,4]],[[2,2],[2,1],[2,8],[2,1],[2,4],[2,2]],[[2,4],[2,2],[2,7],[2,2],[2,4],[2,1]],[[2,3],[2,4],[2,4],[2,3],[2,2],[2,1],[2,1]],[[2,3],[2,7],[2,1],[2,3],[2,2]],[[2,2],[2,8],[2,1],[2,3],[2,3]],[[2,6],[2,2],[2,5]],[[2,4],[2,1],[2,6]],[[2,2],[2,1],[2,1],[2,2],[2,1]],[[2,2]]            
     ]
} 