
var puzzle = {
	width: 50,	
	height:50,
	hw:10,hh:9,
	palette: [
	  { s:0 , c:-1 }
	  ,{s:0,c:0,co:'0'},{s:0,c:1,co:'9'}
	],
	colors:[  
	"f8e3a9","332626","969696","ff0000","00d700","0000ff","00ffff","ff00ff",          
	],
	originalColors:[  
	"f8e3a9","332626","969696","ff0000","00d700","0000ff","00ffff","ff00ff",          
	],	
	usedColors:[  
	0,1          
	],
	topHeader: [
	[[2,2]],[[2,1],[2,2],[2,3],[2,1],[2,1]],[[2,6],[2,1],[2,4],[2,1],[2,1],[2,1]],[[2,2],[2,2],[2,2],[2,1],[2,5],[2,3]],[[2,1],[2,3],[2,2],[2,6],[2,2],[2,1],[2,2]],[[2,2],[2,4],[2,1],[2,10],[2,1],[2,1],[2,2]],[[2,2],[2,2],[2,2],[2,6],[2,2],[2,3],[2,2]],[[2,2],[2,3],[2,1],[2,3],[2,2],[2,1],[2,1],[2,1],[2,3]],[[2,2],[2,2],[2,6],[2,1],[2,1],[2,1],[2,1],[2,1],[2,1]],[[2,1],[2,2],[2,4],[2,1],[2,1],[2,1],[2,4]],[[2,3],[2,5],[2,1],[2,1],[2,1],[2,2],[2,3]],[[2,9],[2,2],[2,2],[2,3],[2,6]],[[2,1],[2,5],[2,1],[2,4],[2,5]],[[2,8],[2,4],[2,1],[2,8],[2,2]],[[2,5],[2,1],[2,1],[2,2],[2,3],[2,2],[2,8],[2,1]],[[2,4],[2,3],[2,2],[2,3],[2,5],[2,9]],[[2,3],[2,1],[2,4],[2,3],[2,7],[2,1],[2,10],[2,1]],[[2,1],[2,1],[2,4],[2,3],[2,2],[2,1],[2,1],[2,10]],[[2,1],[2,1],[2,3],[2,2],[2,1],[2,2],[2,12]],[[2,4],[2,3],[2,4],[2,1],[2,11],[2,1]],[[2,2],[2,2],[2,1],[2,4],[2,1],[2,1],[2,9],[2,1]],[[2,3],[2,2],[2,4],[2,3],[2,2],[2,4],[2,1]],[[2,2],[2,3],[2,3],[2,1],[2,2],[2,1],[2,4],[2,1]],[[2,2],[2,4],[2,1],[2,2],[2,3]],[[2,5],[2,1],[2,1],[2,1],[2,3],[2,2],[2,1]],[[2,2],[2,1],[2,1],[2,3],[2,3],[2,5]],[[2,2],[2,1],[2,2],[2,3],[2,1],[2,2],[2,1]],[[2,2],[2,3],[2,2],[2,2],[2,2],[2,3],[2,1]],[[2,3],[2,6],[2,1],[2,1],[2,2],[2,2],[2,3],[2,3]],[[2,14],[2,2],[2,1],[2,2],[2,3]],[[2,1],[2,16],[2,5],[2,3],[2,1],[2,1]],[[2,1],[2,14],[2,2],[2,1],[2,4],[2,1],[2,2]],[[2,2],[2,13],[2,2],[2,3],[2,4],[2,2],[2,1],[2,1]],[[2,1],[2,16],[2,6],[2,1],[2,2],[2,2],[2,1]],[[2,1],[2,15],[2,1],[2,5],[2,6],[2,2],[2,4]],[[2,2],[2,4],[2,4],[2,3],[2,1],[2,8],[2,8],[2,7]],[[2,1],[2,3],[2,11],[2,2],[2,4],[2,3],[2,3],[2,5]],[[2,2],[2,1],[2,13],[2,5],[2,2],[2,5],[2,4],[2,1]],[[2,2],[2,20],[2,1],[2,2],[2,4],[2,1]],[[2,4],[2,5],[2,16],[2,2],[2,2],[2,1]],[[2,18],[2,8],[2,1],[2,1],[2,1],[2,2],[2,1]],[[2,15],[2,11],[2,3],[2,3],[2,1]],[[2,1],[2,28],[2,3],[2,1]],[[2,1],[2,20],[2,1],[2,2],[2,2]],[[2,1],[2,2],[2,1],[2,1],[2,9],[2,1],[2,1],[2,1]],[[2,1],[2,1],[2,1],[2,2],[2,10],[2,3]],[[2,1],[2,1],[2,8],[2,1],[2,1]],[[2,1],[2,1],[2,6],[2,1]],[[2,1],[2,2],[2,3],[2,3],[2,2]],[[2,1],[2,2],[2,3],[2,1]]            
	],
	leftHeader: [
       	[[2,2],[2,4]],[[2,1],[2,2],[2,3],[2,3]],[[2,1],[2,3],[2,2],[2,2],[2,1],[2,1],[2,2]],[[2,16],[2,8],[2,2]],[[2,7],[2,1],[2,2],[2,12],[2,1]],[[2,14],[2,1],[2,10],[2,2]],[[2,2],[2,4],[2,1],[2,2],[2,8],[2,2]],[[2,2],[2,4],[2,4],[2,7],[2,1],[2,1],[2,1]],[[2,2],[2,1],[2,3],[2,7],[2,3]],[[2,2],[2,2],[2,6],[2,15]],[[2,1],[2,1],[2,2],[2,2],[2,11],[2,4],[2,1]],[[2,1],[2,2],[2,1],[2,2],[2,16]],[[2,1],[2,2],[2,2],[2,1],[2,15]],[[2,1],[2,1],[2,2],[2,1],[2,6],[2,3],[2,3]],[[2,1],[2,1],[2,1],[2,14],[2,1]],[[2,6],[2,1],[2,1],[2,6],[2,1],[2,15]],[[2,8],[2,8],[2,1],[2,2],[2,11]],[[2,1],[2,2],[2,2],[2,3],[2,4],[2,1],[2,3],[2,9]],[[2,1],[2,3],[2,3],[2,4],[2,3],[2,9]],[[2,1],[2,1],[2,1],[2,1],[2,1],[2,9],[2,1]],[[2,2],[2,1],[2,2],[2,1],[2,7]],[[2,2],[2,1],[2,4],[2,2],[2,10]],[[2,1],[2,1],[2,1],[2,3],[2,9]],[[2,1],[2,2],[2,1],[2,4],[2,3],[2,2],[2,1]],[[2,11],[2,1],[2,1],[2,2],[2,3],[2,7]],[[2,5],[2,2],[2,1],[2,1],[2,2],[2,3],[2,12]],[[2,8],[2,2],[2,4],[2,14],[2,1]],[[2,7],[2,1],[2,4],[2,3],[2,11]],[[2,1],[2,6],[2,2],[2,2],[2,4],[2,11]],[[2,1],[2,3],[2,1],[2,1],[2,2],[2,3],[2,1],[2,1],[2,7]],[[2,1],[2,1],[2,2],[2,1],[2,2],[2,2],[2,2],[2,5],[2,1]],[[2,1],[2,3],[2,3],[2,2],[2,3],[2,5],[2,6]],[[2,1],[2,1],[2,2],[2,2],[2,2],[2,1],[2,2],[2,4],[2,6]],[[2,3],[2,3],[2,1],[2,5],[2,5],[2,1]],[[2,1],[2,2],[2,2],[2,5],[2,1],[2,5],[2,1]],[[2,3],[2,2],[2,1],[2,4],[2,2],[2,1],[2,4]],[[2,1],[2,7],[2,5],[2,2],[2,2],[2,1]],[[2,2],[2,2],[2,3],[2,3],[2,2],[2,1]],[[2,3],[2,6],[2,2],[2,3],[2,3]],[[2,12],[2,1],[2,1],[2,3],[2,1]],[[2,13],[2,7]],[[2,2],[2,9],[2,1],[2,3],[2,4]],[[2,1],[2,10],[2,1],[2,5],[2,4]],[[2,2],[2,2],[2,11],[2,2],[2,2],[2,5],[2,1]],[[2,3],[2,3],[2,13],[2,3],[2,1],[2,4],[2,1]],[[2,1],[2,2],[2,21],[2,1],[2,4],[2,1],[2,3],[2,2]],[[2,3],[2,14],[2,3],[2,5],[2,2],[2,2],[2,2]],[[2,1],[2,10],[2,4],[2,2],[2,1],[2,3],[2,2],[2,1]],[[2,1],[2,3],[2,1],[2,2],[2,1],[2,2],[2,5],[2,2]],[[2,3],[2,2],[2,3],[2,1],[2,3],[2,1],[2,2],[2,3],[2,1],[2,2]]            
     ]
} 
