
 puzzle = {
	width: 35,	
	height:25,
	hw:19,hh:14,
	palette: [
	  { s:0 , c:-1 }
	  ,{s:0,c:0,co:'0'},{s:0,c:1,co:'9'},{s:0,c:2,co:'18'},{s:0,c:3,co:'27'},{s:0,c:5,co:'45'},{s:0,c:6,co:'54'},{s:0,c:7,co:'63'}
	],
	colors:[  
	"ffffff","faeab8","f1bb95","a9512c","ccff00","000000","22aab3","1c5777",          
	],
	originalColors:[  
	"ffffff","faeab8","f1bb95","a9512c","ccff00","000000","22aab3","1c5777",          
	],	
	usedColors:[  
	0,1,2,3,5,6,7          
	],
	topHeader: [
	[[2,1],[3,1],[2,1],[2,1],[3,1],[2,1]],[[2,1],[3,1],[2,1],[2,4],[4,1],[3,1],[2,1]],[[2,1],[3,1],[2,1],[2,3],[4,1],[2,1],[4,2],[3,1],[2,2]],[[2,1],[3,1],[2,4],[4,1],[3,1],[4,1],[3,3],[2,1],[3,1],[2,1]],[[2,1],[3,1],[2,4],[3,1],[4,2],[3,2],[2,2],[2,1]],[[2,1],[3,1],[2,2],[4,1],[3,1],[4,3],[3,2],[2,2]],[[3,4],[4,1],[5,3],[3,2],[2,2]],[[2,1],[3,4],[4,1],[5,1],[4,1],[3,1],[2,2],[2,1]],[[2,1],[3,1],[2,1],[3,2],[4,1],[5,1],[4,1],[3,1],[2,1],[2,1]],[[3,4],[4,1],[5,2],[7,2],[6,1],[2,2]],[[2,1],[3,1],[2,1],[4,1],[5,6],[7,3],[2,2],[2,1]],[[2,1],[3,1],[2,1],[3,1],[5,5],[6,1],[7,3],[6,1],[2,1],[2,3]],[[3,1],[2,2],[3,1],[5,4],[7,1],[6,3],[7,2],[6,1],[2,1],[3,1],[2,2]],[[2,1],[3,1],[3,2],[5,7],[7,1],[6,2],[7,2],[2,1],[2,2],[3,1]],[[3,1],[2,1],[4,1],[5,8],[7,1],[6,2],[7,2],[2,1],[2,1],[3,3]],[[3,1],[2,2],[4,1],[5,10],[7,1],[6,1],[7,2],[2,1],[2,1],[3,1],[2,2]],[[2,1],[3,1],[3,1],[5,4],[6,1],[5,5],[6,1],[7,2],[2,1],[2,3]],[[3,1],[2,1],[2,1],[3,1],[5,4],[2,1],[7,1],[5,5],[7,3],[2,1],[2,1],[3,1],[2,2]],[[3,1],[2,2],[4,1],[5,12],[6,1],[7,2],[2,1],[3,1],[4,1],[2,1]],[[3,1],[2,1],[4,1],[5,13],[7,2],[6,1],[2,1],[2,1],[4,2],[2,1]],[[3,1],[2,1],[4,1],[5,11],[7,3],[2,1],[2,2],[3,2]],[[3,1],[3,1],[5,10],[7,1],[6,1],[7,2],[2,1],[3,1],[2,1]],[[3,1],[2,1],[3,1],[5,5],[7,1],[5,1],[7,2],[6,2],[7,2],[6,1],[2,1],[2,1],[3,2],[2,1]],[[3,1],[2,1],[3,1],[5,4],[6,6],[7,2],[6,1],[2,1],[3,1],[4,2],[3,1],[2,1]],[[3,2],[4,1],[5,5],[7,1],[6,3],[7,4],[2,1],[2,1],[3,2],[4,1],[2,1]],[[4,3],[5,5],[7,6],[6,1],[2,1],[2,2],[3,1],[2,1]],[[4,1],[3,1],[4,2],[5,3],[4,1],[6,5],[2,2],[2,4]],[[4,4],[5,3],[4,1],[2,5],[2,1],[3,2],[2,1]],[[3,4],[5,3],[4,1],[2,1],[2,2],[4,1],[3,1],[2,1]],[[4,2],[5,5],[4,2],[2,1],[3,2],[4,1]],[[5,2],[4,2],[5,3],[4,1],[3,1],[2,3],[4,1],[3,1]],[[4,1],[3,1],[4,2],[5,4],[4,1],[3,1],[2,2],[3,2],[2,3]],[[3,1],[4,2],[5,6],[3,1],[2,1],[3,3],[2,1],[2,1]],[[3,1],[4,5],[5,3],[3,1],[2,1],[3,1],[4,2],[2,2]],[[4,2],[3,2],[4,2],[5,2],[4,1],[3,1],[2,1],[3,4],[2,2]]            
	],
	leftHeader: [
       	[[2,1],[3,8],[4,3],[3,1],[4,1],[5,1],[4,1],[3,2],[4,1]],[[2,1],[3,3],[2,3],[3,1],[4,1],[3,1],[4,1],[3,1],[4,1],[5,1],[3,1],[4,3]],[[2,2],[3,2],[2,2],[2,1],[4,1],[2,1],[2,2],[4,4],[3,1],[5,1],[4,4],[3,1]],[[2,1],[3,3],[2,1],[2,1],[2,1],[4,1],[5,1],[4,1],[3,3],[5,2],[4,2],[3,1],[5,1],[4,2],[5,1],[4,1],[3,1]],[[2,1],[3,2],[2,1],[2,1],[3,1],[4,1],[3,2],[5,15],[4,2]],[[2,1],[3,2],[2,1],[3,1],[4,1],[2,1],[3,1],[4,1],[5,18],[4,2]],[[2,1],[3,5],[5,1],[3,2],[5,22]],[[2,1],[3,1],[2,1],[3,3],[4,1],[5,16],[4,5],[5,4]],[[2,1],[3,1],[2,2],[3,2],[4,1],[5,14],[6,1],[7,2],[6,1],[2,2],[4,1],[3,1],[4,1],[5,2],[4,1]],[[2,1],[3,1],[2,2],[4,3],[5,8],[2,1],[5,4],[7,1],[6,2],[7,1],[6,1],[2,1],[3,4]],[[2,1],[3,1],[2,3],[3,1],[5,2],[4,1],[7,1],[5,6],[6,1],[7,1],[5,5],[6,2],[7,1],[6,1],[2,1]],[[3,1],[2,1],[2,2],[4,1],[5,1],[4,1],[3,1],[7,1],[5,2],[7,1],[5,9],[7,1],[6,2],[7,1],[6,1],[2,1],[2,1]],[[2,1],[2,2],[3,1],[4,1],[5,1],[3,1],[2,1],[6,1],[7,1],[6,2],[5,9],[7,1],[6,1],[7,2],[6,1],[2,1],[2,1],[3,1]],[[2,1],[4,3],[3,1],[2,1],[2,1],[7,2],[6,1],[7,1],[5,8],[6,2],[7,2],[2,1],[2,1],[3,2]],[[2,2],[3,1],[4,1],[3,2],[2,1],[2,1],[7,2],[6,2],[7,1],[5,6],[7,1],[6,1],[7,2],[6,1],[2,1],[2,1],[3,1],[4,1],[3,1]],[[2,1],[4,2],[3,2],[2,1],[2,1],[7,2],[6,2],[7,1],[5,4],[7,1],[6,1],[7,3],[2,1],[2,2],[3,1],[4,1],[3,1]],[[2,3],[3,2],[2,2],[2,1],[6,1],[7,2],[6,3],[7,1],[6,1],[7,4],[6,1],[2,1],[2,1],[3,2],[2,2]],[[2,1],[4,1],[3,1],[2,2],[2,1],[6,1],[7,9],[6,1],[2,1],[2,3],[3,1],[2,3]],[[4,2],[3,1],[2,1],[2,2],[7,5],[6,1],[2,3],[2,2],[3,1],[4,1],[2,1]],[[3,2],[2,1],[2,6],[2,2],[3,1],[4,1],[3,2],[2,1]],[[3,1],[2,2],[3,1],[2,1],[2,1],[3,1],[2,3],[3,2],[4,1],[2,2]],[[2,1],[2,2],[2,4],[3,1],[2,2],[3,2],[4,1],[3,2],[2,3]],[[2,1],[3,1],[2,1],[3,2],[2,1],[3,1],[4,2],[2,2],[3,1],[4,1],[3,1],[2,2]],[[2,3],[3,1],[2,4],[4,1],[3,1],[2,1],[3,1],[4,1]],[[2,2],[2,3],[3,2],[2,1],[2,1],[2,1],[3,1],[2,2]]            
     ]
} 

