var puzzle = {
	width: 50,	
	height:44,
	hw:22,hh:22,
	palette: [
	  { s:0 , c:-1 }
	  ,{s:0,c:0,co:'0'},{s:0,c:1,co:'9'},{s:0,c:5,co:'45'},{s:0,c:2,co:'18'},{s:0,c:6,co:'54'},{s:0,c:3,co:'27'},{s:0,c:7,co:'63'},{s:0,c:4,co:'36'}
	],
	colors:[  
	"000000","ff7300","ffe2ac","ffdf76","ff8a9b","d58240","ffc224","fffefe",          
	],
	originalColors:[  
	"000000","ff7300","ffe2ac","ffdf76","ff8a9b","d58240","ffc224","fffefe",          
	],	
	usedColors:[  
	0,1,5,2,6,3,7,4          
	],
	topHeader: [
	[[4,1],[7,1],[7,1]],[[4,1],[6,1],[4,4],[7,1],[6,1],[6,1],[7,1]],[[2,1],[2,1],[2,1],[4,1],[6,1],[4,3],[6,2],[4,1],[7,1],[6,2],[4,1],[6,1],[7,1],[7,1]],[[2,5],[2,2],[2,1],[2,3],[6,1],[4,1],[6,1],[4,1],[6,1],[4,1],[6,4],[7,1],[6,4],[7,1],[6,1],[6,1],[7,1]],[[2,2],[2,5],[2,1],[2,1],[2,5],[4,1],[6,1],[6,1],[4,1],[6,1],[2,1],[6,1],[4,1],[6,1],[7,1],[6,1],[4,1],[6,1],[4,1],[7,1],[6,2],[7,1]],[[2,1],[2,7],[2,7],[4,1],[4,1],[2,2],[4,2],[7,1],[4,3],[7,1],[6,2],[7,2]],[[2,1],[2,3],[3,1],[2,4],[2,6],[4,5],[4,1],[7,1],[2,1],[4,2],[7,1],[4,1],[6,2],[7,1]],[[2,1],[2,2],[3,1],[2,10],[2,3],[4,1],[2,1],[4,5],[7,1],[2,2],[4,1],[7,1],[2,1],[4,1],[7,1],[6,2]],[[2,1],[2,3],[3,1],[2,8],[2,4],[4,2],[2,4],[6,1],[4,2],[7,1],[7,1],[2,1],[4,2],[7,1],[4,1],[6,2],[7,1]],[[2,1],[2,2],[2,4],[2,6],[4,1],[2,1],[2,1],[2,1],[6,2],[4,1],[7,1],[7,1],[2,1],[4,2],[7,1],[6,3],[7,2]],[[2,1],[2,3],[2,5],[4,3],[2,2],[3,1],[2,3],[2,2],[6,1],[4,1],[7,1],[4,1],[7,1],[2,1],[7,1],[6,1],[4,1],[6,1],[7,1]],[[2,1],[2,3],[2,7],[4,2],[2,1],[3,2],[2,2],[2,2],[2,2],[6,1],[4,1],[7,1],[4,1],[7,1],[7,1],[4,2],[6,2],[7,1]],[[2,1],[2,6],[4,1],[4,3],[4,2],[3,1],[2,3],[4,1],[7,1],[7,1],[7,1],[2,1],[4,1],[6,1],[7,1]],[[2,2],[2,4],[4,1],[4,3],[5,1],[4,1],[3,1],[2,3],[3,2],[7,1],[2,1],[7,1],[6,1],[7,1],[2,1],[4,2],[7,1],[6,1]],[[2,1],[2,1],[3,1],[2,1],[4,2],[5,2],[4,1],[2,3],[3,1],[2,1],[2,2],[6,1],[2,1],[7,1],[2,1],[4,1],[7,1],[4,1]],[[2,3],[3,1],[2,1],[2,1],[4,1],[5,3],[4,1],[3,1],[2,1],[3,1],[2,3],[2,2],[6,1],[4,1],[2,1],[6,1],[2,1],[4,1],[7,1],[4,2]],[[3,1],[2,2],[3,1],[2,2],[2,2],[4,1],[4,1],[5,1],[5,1],[4,1],[3,2],[2,7],[4,1],[6,1],[2,1],[6,1],[2,1],[6,2],[7,1],[4,2]],[[3,1],[2,2],[3,1],[2,1],[3,1],[2,2],[4,2],[4,1],[5,1],[4,2],[3,3],[2,6],[4,1],[2,1],[2,1],[6,1],[7,1],[4,3]],[[3,2],[2,2],[3,1],[2,1],[3,1],[2,2],[4,5],[3,1],[2,3],[2,3],[4,1],[2,2],[6,1],[4,1],[6,1],[7,2],[4,1],[4,1]],[[3,1],[2,2],[3,1],[3,1],[2,3],[4,1],[2,2],[4,3],[2,1],[3,2],[2,2],[4,1],[6,1],[4,1],[6,1],[4,3]],[[3,1],[2,2],[3,1],[3,1],[2,2],[2,8],[3,3],[2,4],[4,4],[4,3],[4,3]],[[2,3],[3,2],[3,1],[2,1],[2,3],[2,12],[3,1],[8,1],[4,1],[4,3],[4,3]],[[2,3],[3,1],[3,1],[2,1],[2,3],[3,1],[2,11],[3,1],[8,2],[4,5],[6,1],[4,1]],[[2,2],[3,2],[3,1],[2,2],[3,1],[2,2],[3,2],[2,12],[3,1],[8,1],[4,2],[6,2],[4,2]],[[3,1],[2,2],[3,1],[3,1],[2,1],[3,1],[2,1],[3,1],[2,13],[3,2],[8,3],[4,2]],[[3,1],[2,1],[3,1],[2,1],[3,1],[2,1],[3,1],[2,1],[2,1],[2,11],[3,3],[8,3],[6,1],[4,3]],[[2,1],[3,1],[2,2],[3,1],[2,2],[3,1],[2,11],[3,1],[8,1],[4,2],[6,1],[4,2]],[[3,1],[2,1],[3,1],[2,1],[2,2],[2,4],[3,1],[2,11],[3,1],[8,2],[4,5],[6,1],[4,1]],[[2,2],[3,2],[2,2],[2,4],[2,12],[3,1],[8,1],[4,2],[4,2],[4,2]],[[3,1],[2,1],[3,1],[3,1],[2,2],[2,1],[4,1],[2,6],[3,3],[2,4],[4,3],[6,1],[4,4],[4,3]],[[3,1],[2,2],[3,1],[2,1],[3,1],[2,2],[4,3],[2,1],[4,3],[2,1],[3,2],[2,2],[4,1],[6,1],[6,1],[4,1],[4,3]],[[3,1],[2,2],[3,2],[3,1],[2,3],[4,5],[3,1],[2,3],[2,3],[4,1],[2,1],[6,1],[4,1],[7,1],[4,1],[4,1]],[[3,1],[2,1],[3,1],[3,1],[2,2],[4,2],[4,1],[5,1],[4,1],[3,2],[2,8],[4,1],[2,1],[4,1],[6,1],[2,1],[6,1],[7,2],[4,2],[6,1]],[[3,2],[2,1],[3,1],[2,1],[3,1],[2,2],[4,1],[4,1],[5,1],[5,1],[4,1],[3,2],[2,7],[2,1],[2,1],[2,1],[6,2],[7,1],[4,2],[6,1]],[[2,2],[3,1],[2,1],[2,1],[4,1],[4,1],[5,3],[4,1],[3,1],[2,1],[2,4],[2,1],[4,1],[2,1],[6,1],[2,1],[2,1],[6,1],[7,1],[4,1],[6,2]],[[2,2],[2,2],[3,1],[2,1],[4,1],[4,2],[5,2],[4,1],[2,3],[3,1],[2,2],[6,1],[2,1],[2,1],[7,1],[2,1],[4,1],[7,1],[4,1],[6,1],[4,1]],[[2,3],[2,1],[3,1],[2,2],[4,2],[5,1],[4,2],[2,3],[3,2],[2,1],[6,1],[7,1],[6,2],[7,1],[4,2],[7,1],[6,1]],[[2,1],[2,5],[2,2],[4,1],[4,2],[4,2],[3,1],[2,1],[2,2],[3,1],[6,1],[4,1],[7,1],[7,2],[2,1],[4,1],[7,1],[4,1],[6,1]],[[2,1],[2,7],[2,1],[4,4],[2,1],[3,3],[2,2],[2,2],[2,1],[4,2],[7,1],[4,1],[7,1],[4,2],[7,1]],[[2,2],[2,3],[2,4],[2,2],[3,1],[2,4],[2,1],[6,1],[4,1],[7,1],[4,2],[7,1],[4,1],[6,1],[7,1]],[[2,1],[2,3],[2,4],[2,7],[2,3],[6,2],[4,1],[7,1],[7,1],[4,1],[6,1],[7,2]],[[2,2],[2,2],[3,1],[2,3],[2,1],[2,2],[4,2],[2,4],[6,3],[4,2],[7,1],[7,1],[2,1],[4,2],[6,1],[7,1]],[[2,1],[2,2],[3,1],[2,7],[2,3],[4,1],[4,2],[2,1],[4,1],[6,2],[4,3],[7,1],[2,1],[4,1],[7,1],[2,2],[4,1],[6,3],[7,1]],[[2,1],[2,3],[3,1],[2,4],[2,6],[4,3],[4,1],[4,5],[7,1],[2,1],[4,2],[7,1],[4,1],[6,1],[4,1],[6,1],[7,1]],[[2,1],[2,2],[3,1],[2,3],[2,7],[4,3],[4,1],[7,1],[2,1],[4,4],[7,1],[4,1],[6,3],[7,1]],[[2,8],[2,1],[2,2],[2,2],[4,5],[2,2],[4,1],[7,1],[4,4],[6,1],[7,1],[6,1],[4,1]],[[2,5],[2,1],[2,1],[2,1],[2,3],[4,2],[6,1],[4,2],[2,2],[4,2],[7,1],[4,2],[6,2],[7,1],[6,3]],[[2,1],[2,1],[2,1],[4,1],[6,1],[4,1],[6,1],[4,2],[6,2],[7,1],[4,1],[6,1],[4,1],[6,1],[7,1],[6,1]],[[2,1],[2,1],[6,5],[4,1],[7,1],[4,1],[6,2],[7,1]],[[6,1],[7,1],[6,1],[7,1]]            
	],
	leftHeader: [
       	[[2,3],[3,2],[2,3]],[[2,2],[2,2],[2,5],[3,1],[2,3],[2,2]],[[2,2],[2,3],[2,2],[3,3],[2,4],[2,2],[3,3],[2,3],[2,2],[2,2]],[[2,1],[2,6],[2,1],[3,3],[2,4],[2,4],[3,2],[2,1],[2,7]],[[2,4],[2,4],[2,1],[2,7],[2,3],[3,1],[2,1],[2,1],[2,4],[2,4]],[[2,3],[3,1],[2,3],[2,5],[3,3],[3,1],[2,4],[2,3],[3,1],[2,2]],[[2,3],[3,1],[2,1],[3,1],[2,3],[2,1],[3,3],[2,1],[3,6],[2,1],[2,3],[3,1],[2,1],[3,2],[2,2]],[[2,5],[2,3],[3,6],[2,1],[2,1],[3,4],[2,3],[2,4]],[[2,5],[2,3],[3,1],[2,3],[3,3],[2,3],[2,3],[2,4]],[[2,4],[2,4],[3,1],[2,2],[3,3],[2,6],[3,3],[2,1],[3,1],[2,4],[2,3]],[[2,7],[3,3],[2,4],[2,6],[3,2],[3,1],[2,8]],[[2,1],[2,5],[2,7],[2,8],[2,4],[2,1]],[[2,7],[4,2],[2,4],[2,1],[3,4],[2,1],[2,3],[4,2],[2,2],[2,6],[2,1]],[[2,10],[4,3],[2,11],[4,4],[2,1],[4,1],[2,2],[2,2]],[[2,1],[2,4],[4,1],[2,1],[4,1],[4,3],[2,4],[2,3],[4,4],[4,2],[2,5]],[[2,4],[2,1],[4,1],[4,5],[4,1],[2,3],[2,3],[4,2],[4,4],[4,1],[2,5]],[[2,5],[2,1],[4,5],[4,2],[2,2],[3,2],[2,1],[2,3],[4,2],[4,4],[2,5]],[[2,3],[2,3],[4,2],[5,2],[4,2],[2,1],[3,1],[2,1],[2,1],[4,2],[5,2],[4,1],[2,3],[2,5]],[[2,3],[2,4],[5,3],[5,1],[4,1],[2,1],[3,1],[2,3],[3,2],[2,1],[4,1],[5,1],[5,3],[2,3],[4,2],[2,3]],[[2,2],[4,1],[2,3],[3,2],[4,1],[5,3],[4,1],[2,10],[4,1],[5,3],[4,1],[3,2],[2,1],[4,2],[2,2]],[[2,2],[4,1],[2,4],[3,1],[4,2],[4,1],[2,10],[4,1],[4,2],[3,1],[2,2],[4,1],[4,3],[2,1]],[[6,2],[2,1],[4,2],[2,2],[3,2],[4,4],[2,8],[3,1],[4,4],[3,2],[2,2],[4,2],[4,3]],[[4,2],[4,3],[2,3],[2,2],[3,4],[2,8],[3,4],[2,7],[4,2],[4,3]],[[6,2],[4,1],[2,2],[2,4],[3,2],[2,2],[2,8],[2,3],[3,1],[2,3],[2,2],[2,2],[4,2],[6,3]],[[4,3],[6,1],[4,3],[2,2],[2,4],[2,1],[3,1],[2,1],[3,1],[2,8],[3,1],[2,3],[2,3],[2,1],[4,2],[4,3],[6,2]],[[6,1],[4,1],[6,1],[4,1],[4,2],[2,1],[2,2],[3,1],[2,3],[3,1],[2,8],[3,1],[2,4],[2,2],[2,2],[6,1],[4,1],[4,1],[6,2]],[[4,3],[6,1],[4,2],[2,3],[3,2],[2,3],[3,2],[2,8],[3,2],[2,3],[3,2],[2,1],[2,1],[6,2],[4,1],[2,1],[4,1],[6,1]],[[4,2],[6,2],[2,2],[4,1],[6,2],[2,2],[3,1],[2,4],[3,1],[2,10],[3,1],[2,4],[3,2],[2,1],[6,1],[4,2],[2,2],[4,1],[6,1]],[[4,1],[6,3],[2,1],[4,2],[6,2],[2,1],[2,22],[2,1],[6,2],[4,2],[2,1],[4,1],[6,1],[4,1]],[[4,2],[6,1],[4,2],[4,3],[6,1],[2,9],[3,1],[2,8],[2,1],[6,2],[4,2],[4,2],[6,1],[7,2]],[[7,3],[6,2],[4,2],[7,4],[4,2],[2,4],[2,2],[3,6],[2,2],[2,4],[6,2],[4,4],[7,5]],[[6,2],[7,4],[4,1],[7,3],[2,2],[4,2],[3,1],[8,2],[3,2],[8,2],[3,1],[4,2],[4,1],[6,1],[4,2],[7,4],[2,1],[4,4]],[[6,3],[4,1],[2,2],[4,1],[2,2],[6,1],[4,2],[2,1],[4,1],[8,2],[8,2],[8,2],[4,1],[2,1],[4,1],[2,3],[7,3],[4,1],[4,3],[6,3]],[[4,1],[6,1],[4,3],[2,1],[7,2],[4,1],[6,1],[2,1],[6,1],[4,1],[8,2],[4,1],[6,1],[2,1],[6,1],[6,1],[4,2],[2,2],[4,2],[6,1],[4,1],[6,1]],[[6,2],[4,3],[7,4],[6,2],[2,3],[6,1],[4,3],[8,2],[4,3],[6,1],[4,1],[2,3],[6,1],[4,4],[6,2]],[[6,3],[4,1],[7,3],[2,2],[2,1],[6,2],[4,3],[4,1],[4,2],[6,2],[6,1],[7,3],[7,2],[4,2],[6,1],[7,4]],[[7,5],[6,1],[4,1],[2,1],[4,2],[2,1],[7,2],[2,2],[6,2],[4,3],[4,2],[4,3],[2,4],[7,4],[2,1],[7,3],[6,1]],[[6,4],[4,3],[7,3],[2,1],[6,2],[7,1],[4,4],[4,4],[6,3],[2,2],[4,2],[6,3]],[[6,1],[6,1],[7,3],[6,1],[4,1],[2,3],[6,1],[7,2],[4,4],[4,4],[7,2],[6,1],[4,2],[2,1],[4,1],[6,2],[4,1],[6,1]],[[6,1],[7,2],[6,1],[4,1],[6,1],[4,6],[7,1],[4,3],[6,1],[6,2],[4,3],[7,4],[4,6],[6,1],[4,1],[6,1]],[[7,3],[6,6],[4,1],[7,2],[4,2],[4,1],[4,1],[6,2],[4,3],[6,1],[4,1],[4,4],[7,2],[4,1],[6,2],[4,1],[6,3]],[[7,1],[6,2],[6,1],[7,2],[4,4],[4,10],[4,2],[6,3],[4,1],[7,3],[6,2]],[[7,3],[6,1],[4,1],[4,2],[4,2],[4,1],[4,1],[4,2],[4,1],[6,3],[4,1],[6,1],[7,3]],[[7,2],[4,1],[4,1],[7,2]]            
     ]
} 

