
var puzzle = {
	width: 45,	
	height:45,
	hw:13,hh:10,
	palette: [
	  { s:0 , c:-1 }
	  ,{s:0,c:0,co:'0'},{s:0,c:1,co:'9'}
	],
	colors:[  
	"ffcc00","000000","c98c00","ff0000","00d700","0000ff","00ffff","ff00ff",          
	],
	originalColors:[  
	"ffcc00","000000","c98c00","ff0000","00d700","0000ff","00ffff","ff00ff",          
	],	
	usedColors:[  
	0,1          
	],
	topHeader: [
	[[2,1],[2,1],[2,2],[2,2],[2,2],[2,4],[2,1]],[[2,2],[2,1],[2,3],[2,2],[2,2],[2,1],[2,5],[2,2],[2,1]],[[2,1],[2,1],[2,2],[2,2],[2,2],[2,2],[2,1],[2,4],[2,3],[2,4]],[[2,2],[2,1],[2,2],[2,2],[2,2],[2,2],[2,1],[2,4],[2,2],[2,6]],[[2,4],[2,1],[2,1],[2,2],[2,2],[2,4],[2,4],[2,1],[2,7]],[[2,5],[2,1],[2,1],[2,2],[2,2],[2,4],[2,3],[2,2],[2,6]],[[2,6],[2,1],[2,1],[2,2],[2,6],[2,3],[2,2],[2,4],[2,2]],[[2,2],[2,4],[2,1],[2,2],[2,5],[2,2],[2,2],[2,4],[2,2]],[[2,2],[2,3],[2,1],[2,7],[2,1],[2,2],[2,4],[2,2],[2,2]],[[2,3],[2,12],[2,1],[2,3],[2,4],[2,2],[2,3]],[[2,2],[2,3],[2,5],[2,3],[2,3],[2,3],[2,4]],[[2,1],[2,3],[2,8],[2,3],[2,3],[2,3]],[[2,6],[2,6],[2,2],[2,3],[2,3],[2,1]],[[2,5],[2,1],[2,8],[2,3],[2,2],[2,4]],[[2,4],[2,2],[2,12],[2,8]],[[2,4],[2,3],[2,5],[2,9],[2,4]],[[2,4],[2,3],[2,2],[2,1],[2,1],[2,3],[2,3],[2,4]],[[2,2],[2,2],[2,1],[2,2],[2,1],[2,4],[2,5]],[[2,5],[2,4],[2,2],[2,1],[2,3],[2,9]],[[2,5],[2,2],[2,2],[2,1],[2,1],[2,9]],[[2,6],[2,3],[2,1],[2,13]],[[2,6],[2,7],[2,13]],[[2,6],[2,7],[2,12]],[[2,4],[2,3],[2,1],[2,11]],[[2,4],[2,2],[2,1],[2,4]],[[2,5],[2,2],[2,1],[2,2],[2,6]],[[2,5],[2,1],[2,2],[2,1],[2,13]],[[2,5],[2,2],[2,1],[2,1],[2,3]],[[2,3],[2,3],[2,3],[2,1],[2,14]],[[2,3],[2,4],[2,5],[2,11],[2,7],[2,1]],[[2,3],[2,3],[2,13],[2,9]],[[2,4],[2,3],[2,10],[2,5],[2,6]],[[2,5],[2,2],[2,7],[2,3],[2,6],[2,5]],[[2,2],[2,3],[2,8],[2,2],[2,4],[2,2]],[[2,1],[2,4],[2,4],[2,5],[2,3],[2,4]],[[2,1],[2,8],[2,3],[2,2],[2,7],[2,3],[2,4]],[[2,2],[2,2],[2,12],[2,2],[2,7],[2,3],[2,5]],[[2,3],[2,3],[2,2],[2,4],[2,5],[2,2],[2,8],[2,3],[2,3]],[[2,7],[2,2],[2,3],[2,2],[2,2],[2,2],[2,8],[2,3],[2,1]],[[2,5],[2,2],[2,1],[2,3],[2,1],[2,3],[2,3],[2,8],[2,3]],[[2,1],[2,2],[2,1],[2,3],[2,1],[2,2],[2,3],[2,7],[2,3]],[[2,2],[2,2],[2,3],[2,1],[2,3],[2,3],[2,10],[2,1]],[[2,1],[2,2],[2,3],[2,1],[2,3],[2,3],[2,3],[2,7]],[[2,2],[2,4],[2,1],[2,4],[2,3],[2,3],[2,7]],[[2,2],[2,4],[2,1],[2,4],[2,4],[2,3],[2,8]]            
	],
	leftHeader: [
       	[[2,2],[2,4],[2,5],[2,3],[2,8]],[[2,9],[2,16],[2,3]],[[2,3],[2,21],[2,3]],[[2,2],[2,21],[2,2]],[[2,2],[2,2],[2,10],[2,2],[2,2]],[[2,3],[2,2],[2,3],[2,1],[2,3]],[[2,3],[2,2],[2,8]],[[2,5],[2,2],[2,4]],[[2,9],[2,4],[2,3],[2,2],[2,3]],[[2,4],[2,5],[2,6],[2,9]],[[2,9],[2,5],[2,7],[2,4]],[[2,2],[2,1],[2,2],[2,2],[2,2],[2,6]],[[2,8],[2,1],[2,3],[2,4]],[[2,4],[2,1],[2,1],[2,1],[2,5]],[[2,6],[2,1],[2,1],[2,9]],[[2,9],[2,2],[2,2],[2,9]],[[2,4],[2,2],[2,1],[2,1],[2,1],[2,5]],[[2,2],[2,5],[2,1],[2,1],[2,4],[2,2]],[[2,8],[2,1],[2,1],[2,8]],[[2,4],[2,6],[2,4],[2,5],[2,4],[2,3]],[[2,3],[2,4],[2,3],[2,10],[2,4],[2,4]],[[2,1],[2,4],[2,4],[2,6],[2,6],[2,8]],[[2,4],[2,5],[2,4],[2,6],[2,2],[2,6]],[[2,4],[2,1],[2,4],[2,2],[2,6],[2,2],[2,4]],[[2,2],[2,1],[2,1],[2,5],[2,2],[2,8],[2,3],[2,2]],[[2,2],[2,1],[2,2],[2,6],[2,2],[2,9],[2,3]],[[2,1],[2,1],[2,2],[2,3],[2,3],[2,8],[2,10],[2,3]],[[2,1],[2,3],[2,2],[2,5],[2,6],[2,6],[2,5]],[[2,3],[2,2],[2,4],[2,5],[2,6],[2,4]],[[2,3],[2,2],[2,2],[2,2],[2,5],[2,5],[2,3]],[[2,4],[2,2],[2,2],[2,4],[2,3],[2,2],[2,6],[2,1]],[[2,3],[2,1],[2,3],[2,4],[2,5],[2,2],[2,6]],[[2,3],[2,1],[2,3],[2,21],[2,1],[2,6]],[[2,2],[2,2],[2,3],[2,1],[2,1],[2,2],[2,9],[2,3],[2,2],[2,8]],[[2,2],[2,1],[2,4],[2,2],[2,1],[2,3],[2,5],[2,1],[2,2],[2,2],[2,2],[2,7]],[[2,1],[2,2],[2,4],[2,2],[2,1],[2,2],[2,5],[2,1],[2,2],[2,2],[2,2],[2,3],[2,2]],[[2,1],[2,4],[2,2],[2,1],[2,2],[2,6],[2,1],[2,2],[2,2],[2,2],[2,3]],[[2,2],[2,3],[2,2],[2,1],[2,2],[2,7],[2,1],[2,2],[2,2],[2,1],[2,4]],[[2,2],[2,3],[2,1],[2,1],[2,2],[2,7],[2,1],[2,2],[2,2],[2,2],[2,4]],[[2,3],[2,1],[2,2],[2,2],[2,7],[2,2],[2,3],[2,3],[2,1],[2,4]],[[2,4],[2,1],[2,2],[2,1],[2,7],[2,2],[2,4],[2,3],[2,2],[2,4]],[[2,3],[2,1],[2,2],[2,2],[2,8],[2,2],[2,3],[2,3],[2,1],[2,3]],[[2,3],[2,2],[2,2],[2,2],[2,1],[2,6],[2,2],[2,3],[2,3],[2,2],[2,3]],[[2,2],[2,1],[2,3],[2,2],[2,1],[2,5],[2,2],[2,4],[2,2],[2,1],[2,2]],[[2,1],[2,2],[2,3],[2,1],[2,4],[2,2],[2,5],[2,3],[2,2],[2,1]]            
     ]
} 