
var puzzle = {
	width: 40,	
	height:30,
	hw:13,hh:13,
	palette: [
	  { s:0 , c:-1 }
	  ,{s:0,c:0,co:'0'},{s:0,c:1,co:'9'},{s:0,c:2,co:'18'}
	],
	colors:[  
	"ffffff","000000","ff0000","ff0000","00d700","0000ff","00ffff","ff00ff",          
	],
	originalColors:[  
	"ffffff","000000","ff0000","ff0000","00d700","0000ff","00ffff","ff00ff",          
	],	
	usedColors:[  
	0,1,2          
	],
	topHeader: [
	[[2,1],[2,1],[3,1],[2,1]],[[2,1],[2,1],[3,1],[2,1]],[[2,1],[2,1],[3,2],[2,1]],[[2,1],[2,1],[3,2],[2,1]],[[2,2],[3,1],[3,1],[2,1]],[[2,1],[3,1],[3,1],[2,1]],[[2,1],[3,2],[2,1],[3,1],[2,1]],[[2,1],[3,2],[3,1],[2,1]],[[2,2],[3,1],[2,1],[3,1],[2,1]],[[2,1],[3,1],[2,1],[3,1],[2,1]],[[3,1],[2,1],[3,1],[2,1],[3,2],[3,3],[2,1]],[[2,2],[3,2],[2,1],[3,2],[3,1],[2,1],[3,1],[2,1]],[[3,1],[2,1],[3,1],[2,1],[3,2],[3,1],[2,1]],[[3,1],[3,1],[2,1],[2,2],[3,1],[3,3],[2,1],[3,1],[2,1]],[[3,2],[2,1],[3,1],[2,1],[3,1],[3,1],[2,1]],[[3,1],[2,1],[2,1],[2,3],[3,2],[3,1],[2,1]],[[2,1],[3,1],[3,2],[2,4],[3,3],[3,1],[2,1]],[[3,2],[2,2],[3,2],[2,1],[3,1],[2,2],[3,1],[2,1]],[[3,1],[3,1],[2,1],[3,1],[2,1],[2,3],[3,1],[2,1]],[[2,5],[3,2],[2,1],[3,1],[2,3],[3,1],[2,1]],[[2,3],[3,1],[2,1],[3,1],[2,1],[3,1],[2,1],[2,1],[3,4],[3,1],[2,1]],[[2,1],[3,1],[2,3],[3,1],[2,1],[3,1],[2,1],[3,1],[2,2],[3,1],[2,1]],[[2,2],[2,1],[3,1],[3,1],[2,2],[3,2],[2,1],[3,2],[3,1],[2,1]],[[2,1],[2,1],[3,1],[2,1],[3,1],[2,1],[3,1],[2,2],[2,1],[2,1],[3,3],[3,1],[2,1]],[[2,3],[2,2],[2,1],[2,1],[3,2],[2,1],[3,1],[3,1],[3,3],[2,1]],[[2,3],[3,1],[2,2],[3,1],[3,2],[3,1],[2,1],[3,2],[3,1],[2,1]],[[2,1],[3,1],[2,2],[3,1],[2,1],[3,3],[3,1],[3,1],[2,1]],[[2,2],[3,1],[2,1],[2,1],[2,1],[3,1],[2,1],[3,1],[2,3],[3,1],[2,1],[3,2],[2,1]],[[2,1],[3,1],[2,2],[2,1],[2,1],[3,1],[2,1],[3,1],[3,1],[2,1],[2,1]],[[2,4],[2,1],[3,1],[2,2],[3,1],[3,2],[2,1]],[[2,3],[2,2],[2,1],[3,1],[3,1],[2,1],[3,2],[2,1],[3,2],[2,1]],[[2,1],[3,1],[2,1],[2,1],[3,1],[3,1],[2,1]],[[2,1],[3,1],[2,2],[2,1],[2,1],[3,2],[3,1],[2,2]],[[2,2],[2,1],[3,1],[2,1],[3,1],[2,1],[3,1],[2,2]],[[2,1],[2,2],[2,1],[3,1],[3,1],[2,2]],[[2,4],[2,1],[3,1],[2,1],[3,1],[2,1]],[[2,2],[2,1],[3,1],[2,1]],[[2,2],[2,1],[3,1],[2,1],[2,1]],[[2,2],[3,1],[2,1]],[[3,1],[2,1],[3,1],[2,1]]            
	],
	leftHeader: [
       	[[2,2],[2,2],[2,1],[2,3],[2,1]],[[2,2],[2,5],[3,1],[2,1],[2,4],[3,1]],[[2,3],[3,1],[2,1],[2,2],[2,4],[2,1]],[[2,1],[2,1],[3,1],[2,1],[3,1],[2,1],[3,1],[2,1],[2,2]],[[2,3],[2,2],[3,1],[2,1],[2,2],[2,1]],[[2,1],[3,1],[3,1],[2,2],[2,4],[2,1],[3,1]],[[2,5],[3,1]],[[2,3],[3,1]],[[2,1],[3,1],[2,1]],[[2,1],[3,1],[2,1],[2,1]],[[3,1],[3,3],[2,2],[3,1],[3,1],[3,1],[2,1]],[[3,1],[2,1],[3,2],[2,1],[3,1],[3,1],[2,2],[3,2]],[[3,1],[2,1],[3,2],[3,1],[2,2],[3,1],[2,3],[2,2],[2,1]],[[2,1],[3,1],[2,1],[3,1],[2,1],[3,4],[2,1],[3,1],[3,1],[2,1]],[[3,1],[2,1],[2,4],[3,1],[2,1],[2,1]],[[2,1],[3,1],[2,1],[3,1],[2,1],[3,1],[3,1],[2,1],[3,1]],[[3,1],[2,2],[3,1],[2,1],[3,1],[3,1]],[[2,1],[2,1],[3,1],[3,1],[2,2],[3,1]],[[2,1],[2,1],[3,1],[2,1],[3,1],[3,1],[2,1],[3,1],[2,2]],[[2,1],[2,1],[3,1],[3,1],[3,1],[2,1],[3,2]],[[2,2],[3,1],[2,1],[3,1],[3,1],[3,1],[2,1],[2,1],[3,1]],[[2,2],[3,2],[3,1],[3,1],[3,1],[2,1],[3,1],[3,1],[2,2]],[[2,1],[3,2],[3,2],[2,1],[3,1],[2,1],[3,1],[3,2],[2,2]],[[2,5],[3,2],[3,1],[2,1],[2,1],[3,2],[3,1],[2,1],[3,3],[2,1]],[[2,3],[3,2],[2,1],[2,1],[3,2],[2,2],[3,1],[3,2],[2,1],[3,2],[2,2]],[[2,2],[3,2],[3,2],[3,1],[2,1],[3,1],[3,3],[3,2],[2,2]],[[2,2],[3,3],[2,1],[3,3],[2,2],[2,1],[3,1],[2,1],[3,2],[2,1],[3,2],[2,1]],[[2,2],[3,2],[2,1],[3,1],[2,1],[2,1],[2,1],[2,1],[3,2],[3,5],[2,1],[2,1],[3,2]],[[3,25],[3,1],[2,3],[3,1]],[[2,40]]            
     ]
} 

